MarkingsType,1002,ObjectType
IPumpVendorNameplateType,1004,ObjectType
PumpIdentificationType,1005,ObjectType
DocumentationType,1006,ObjectType
GeneralMaintenanceType,1007,ObjectType
ConditionBasedMaintenanceType,1008,ObjectType
PreventiveMaintenanceType,1009,ObjectType
BreakdownMaintenanceType,1010,ObjectType
MaintenanceGroupType,1011,ObjectType
SupervisionMechanicsType,1012,ObjectType
SupervisionHardwareType,1013,ObjectType
SupervisionSoftwareType,1014,ObjectType
SupervisionProcessFluidType,1015,ObjectType
SupervisionPumpOperationType,1016,ObjectType
SupervisionAuxiliaryDeviceType,1017,ObjectType
SupervisionElectronicsType,1018,ObjectType
SupervisionType,1019,ObjectType
DesignType,1020,ObjectType
ControlType,1021,ObjectType
SystemRequirementsType,1022,ObjectType
ImplementationType,1023,ObjectType
ConfigurationGroupType,1024,ObjectType
ActuationType,1025,ObjectType
PumpActuationType,1028,ObjectType
DiscreteObjectType,1029,ObjectType
DiscreteInputObjectType,1030,ObjectType
DiscreteOutputObjectType,1031,ObjectType
PumpKickObjectType,1032,ObjectType
SignalsType,1033,ObjectType
PortsGroupType,1034,ObjectType
PortType,1035,ObjectType
InletConnectionPortType,1036,ObjectType
OutletConnectionPortType,1037,ObjectType
DrivePortType,1038,ObjectType
MultiPumpType,1039,ObjectType
ConnectionDesignType,1040,ObjectType
InletConnectionDesignType,1041,ObjectType
OutletConnectionDesignType,1042,ObjectType
DriveDesignType,1043,ObjectType
OutletConnectionSystemRequirementsType,1044,ObjectType
InletConnectionSystemRequirementsType,1045,ObjectType
ConnectionImplementationType,1046,ObjectType
InletConnectionImplementationType,1047,ObjectType
OutletConnectionImplementationType,1048,ObjectType
OutletConnectionMeasurementsType,1049,ObjectType
InletConnectionMeasurementsType,1050,ObjectType
DriveMeasurementsType,1051,ObjectType
PumpType,1052,ObjectType
OperationalGroupType,1053,ObjectType
MeasurementsType,1054,ObjectType
VibrationMeasurementType,1055,ObjectType
StateOfTheItemEnum,3003,DataType
MaintenanceLevelEnum,3004,DataType
FieldbusEnum,3005,DataType
OperatingModeEnum,3006,DataType
OperationModeEnum,3007,DataType
ControlModeEnum,3008,DataType
PumpKickModeEnum,3009,DataType
PumpRoleEnum,3010,DataType
MultiPumpOperationModeEnum,3011,DataType
ExchangeModeEnum,3012,DataType
DistributionTypeEnum,3013,DataType
PortDirectionEnum,3014,DataType
ExplosionZoneOptionSet,3015,DataType
ExplosionProtectionOptionSet,3016,DataType
OfferedControlModesOptionSet,3017,DataType
OfferedFieldbusesOptionSet,3018,DataType
DeclarationOfConformityOptionSet,3019,DataType
PhysicalAddressDataType,3020,DataType
DeviceTypeEnum,3021,DataType
ExplosionZoneOptionSet_Encoding_DefaultBinary,5001,Object
ExplosionZoneOptionSet_Encoding_DefaultXml,5002,Object
ExplosionProtectionOptionSet_Encoding_DefaultBinary,5004,Object
ExplosionProtectionOptionSet_Encoding_DefaultXml,5005,Object
OfferedControlModesOptionSet_Encoding_DefaultBinary,5007,Object
OfferedControlModesOptionSet_Encoding_DefaultXml,5008,Object
OfferedFieldbusesOptionSet_Encoding_DefaultBinary,5010,Object
OfferedFieldbusesOptionSet_Encoding_DefaultXml,5011,Object
DeclarationOfConformityOptionSet_Encoding_DefaultBinary,5013,Object
DeclarationOfConformityOptionSet_Encoding_DefaultXml,5014,Object
PhysicalAddressDataType_Encoding_DefaultBinary,5016,Object
PhysicalAddressDataType_Encoding_DefaultXml,5017,Object
MarkingsType_Marking_Placeholder,5019,Object
SupervisionType_SupervisionAuxiliaryDevice,5020,Object
SupervisionType_SupervisionElectronics,5021,Object
PumpIdentificationType_Markings,5022,Object
PumpIdentificationType_Markings_Marking_Placeholder,5023,Object
DocumentationType_Arrangements,5024,Object
DocumentationType_Certificates,5025,Object
DocumentationType_CircuitDiagram,5026,Object
DocumentationType_ComponentsList,5027,Object
DocumentationType_Detail,5028,Object
DocumentationType_Layout,5029,Object
DocumentationType_Location,5030,Object
DocumentationType_LogicDiagram,5031,Object
DocumentationType_LubricationMap,5032,Object
DocumentationType_MaintenanceManual,5033,Object
DocumentationType_OperationManual,5034,Object
DocumentationType_PipeAndInstrumentDiagram,5035,Object
DocumentationType_SingleLineDiagram,5036,Object
DocumentationType_TechnicalData,5037,Object
DocumentationType_TestProgramReport,5038,Object
DocumentationType_UnitMaintenanceReport,5039,Object
DocumentationType_DuringMaintenanceServicesRendered,5040,Object
DocumentationType_PersonnelRecording,5041,Object
DocumentationType_Staff,5042,Object
DocumentationType_ImplementationDescription,5043,Object
DocumentationType_ScopeOfWork,5044,Object
DocumentationType_SparePartReference,5045,Object
MaintenanceGroupType_BreakdownMaintenance,5046,Object
MaintenanceGroupType_ConditionBasedMaintenance,5047,Object
MaintenanceGroupType_GeneralMaintenance,5048,Object
MaintenanceGroupType_PreventiveMaintenance,5049,Object
SupervisionType_SupervisionHardware,5050,Object
SupervisionType_SupervisionMechanics,5051,Object
SupervisionType_SupervisionProcessFluid,5052,Object
SupervisionType_SupervisionPumpOperation,5053,Object
SupervisionType_SupervisionSoftware,5054,Object
PumpType_Events_SupervisionAuxiliaryDevice,5055,Object
PumpType_Events_SupervisionElectronics,5056,Object
DesignType_InstallationNpshCurve,5057,Object
DesignType_PumpCurve,5058,Object
DesignType_PumpEfficiencyCurve,5059,Object
DesignType_PumpH_Q_Curve,5060,Object
DesignType_PumpNpshCurve,5061,Object
DesignType_PumpPowerInputCurve,5062,Object
DesignType_StablePumpH_Q_Curve,5063,Object
ConfigurationGroupType_Design,5064,Object
ConfigurationGroupType_Implementation,5065,Object
ConfigurationGroupType_SystemRequirements,5066,Object
ConfigurationGroupType_Design_InstallationNpshCurve,5067,Object
ConfigurationGroupType_Design_PumpCurve,5068,Object
ConfigurationGroupType_Design_PumpEfficiencyCurve,5069,Object
ConfigurationGroupType_Design_PumpH_Q_Curve,5070,Object
ConfigurationGroupType_Design_PumpNpshCurve,5071,Object
ConfigurationGroupType_Design_PumpPowerInputCurve,5072,Object
ConfigurationGroupType_Design_StablePumpH_Q_Curve,5073,Object
PumpActuationType_InletValveRequest,5074,Object
PumpActuationType_OutletValveRequest,5075,Object
PumpActuationType_FlushValveRequest,5076,Object
PumpActuationType_PurgeValveRequest,5077,Object
PumpActuationType_CleanValveRequest,5078,Object
PumpActuationType_GasDilValveRequest,5079,Object
PumpActuationType_PumpStandByRequest,5080,Object
PumpActuationType_VentValveRequest,5081,Object
PumpActuationType_PumpKick,5082,Object
SignalsType_StandBy,5083,Object
SignalsType_Acceleration,5084,Object
SignalsType_CleanValveOpen,5085,Object
SignalsType_FlushValveOpen,5086,Object
SignalsType_GasDilValveOpen,5087,Object
SignalsType_InletValveOpen,5088,Object
SignalsType_NoRotation,5089,Object
SignalsType_OutletValveOpen,5090,Object
SignalsType_ProcessIsActive,5091,Object
SignalsType_PumpActivation,5092,Object
SignalsType_PumpDirection,5093,Object
SignalsType_PumpOperation,5094,Object
SignalsType_PumpPowerMax,5095,Object
SignalsType_PumpSpeedMax,5096,Object
SignalsType_PumpSpeedMin,5097,Object
SignalsType_PurgeValveOpen,5098,Object
SignalsType_RatedSpeed,5099,Object
SignalsType_StandBySpeed,5100,Object
SignalsType_TargetSpeed,5101,Object
SignalsType_VentValveOpen,5102,Object
SignalsType_Deceleration,5103,Object
PortsGroupType_Drive_Placeholder,5104,Object
PortsGroupType_InletConnection_Placeholder,5105,Object
PortsGroupType_OutletConnection_Placeholder,5106,Object
InletConnectionPortType_Design,5107,Object
InletConnectionPortType_Implementation,5108,Object
InletConnectionPortType_Measurements,5109,Object
InletConnectionPortType_SystemRequirements,5110,Object
OutletConnectionPortType_Design,5111,Object
OutletConnectionPortType_Implementation,5112,Object
OutletConnectionPortType_Measurements,5113,Object
OutletConnectionPortType_SystemRequirements,5114,Object
DrivePortType_Design,5115,Object
DrivePortType_Measurements,5116,Object
PumpType_Events,5117,Object
PumpType_Configuration,5118,Object
PumpType_Documentation,5119,Object
PumpType_Identification,5120,Object
PumpType_Maintenance,5121,Object
PumpType_Operational,5122,Object
PumpType_Ports,5123,Object
PumpType_Events_SupervisionHardware,5124,Object
PumpType_Events_SupervisionMechanics,5125,Object
PumpType_Events_SupervisionProcessFluid,5126,Object
PumpType_Events_SupervisionPumpOperation,5127,Object
PumpType_Events_SupervisionSoftware,5128,Object
OperationalGroupType_Measurements,5129,Object
OperationalGroupType_Measurements_Vibration_Placeholder,5130,Object
PumpType_Configuration_Design,5131,Object
PumpType_Configuration_Implementation,5132,Object
PumpType_Configuration_SystemRequirements,5133,Object
PumpType_Configuration_Design_InstallationNpshCurve,5134,Object
PumpType_Configuration_Design_PumpCurve,5135,Object
PumpType_Configuration_Design_PumpEfficiencyCurve,5136,Object
PumpType_Configuration_Design_PumpH_Q_Curve,5137,Object
PumpType_Configuration_Design_PumpNpshCurve,5138,Object
PumpType_Configuration_Design_PumpPowerInputCurve,5139,Object
PumpType_Configuration_Design_StablePumpH_Q_Curve,5140,Object
PumpType_Documentation_Arrangements,5141,Object
PumpType_Documentation_Certificates,5142,Object
PumpType_Documentation_CircuitDiagram,5143,Object
PumpType_Documentation_ComponentsList,5144,Object
PumpType_Documentation_Detail,5145,Object
PumpType_Documentation_DuringMaintenanceServicesRendered,5146,Object
PumpType_Documentation_ImplementationDescription,5147,Object
PumpType_Documentation_Layout,5148,Object
PumpType_Documentation_Location,5149,Object
PumpType_Documentation_LogicDiagram,5150,Object
PumpType_Documentation_LubricationMap,5151,Object
PumpType_Documentation_MaintenanceManual,5152,Object
PumpType_Documentation_OperationManual,5153,Object
PumpType_Documentation_PersonnelRecording,5154,Object
PumpType_Documentation_PipeAndInstrumentDiagram,5155,Object
PumpType_Documentation_ScopeOfWork,5156,Object
PumpType_Documentation_SingleLineDiagram,5157,Object
PumpType_Documentation_SparePartReference,5158,Object
PumpType_Documentation_Staff,5159,Object
PumpType_Documentation_TechnicalData,5160,Object
PumpType_Documentation_TestProgramReport,5161,Object
PumpType_Documentation_UnitMaintenanceReport,5162,Object
PumpType_Identification_Markings,5163,Object
PumpType_Maintenance_BreakdownMaintenance,5164,Object
PumpType_Maintenance_ConditionBasedMaintenance,5165,Object
PumpType_Maintenance_GeneralMaintenance,5166,Object
PumpType_Maintenance_PreventiveMaintenance,5167,Object
PumpType_Ports_Drive_Placeholder,5168,Object
PumpType_Ports_InletConnection_Placeholder,5169,Object
PumpType_Ports_OutletConnection_Placeholder,5170,Object
PumpType_Ports_Drive_Placeholder_Design,5171,Object
PortsGroupType_Drive_Placeholder_Measurements,5172,Object
PortsGroupType_InletConnection_Placeholder_Design,5173,Object
PortsGroupType_InletConnection_Placeholder_Implementation,5174,Object
PortsGroupType_InletConnection_Placeholder_Measurements,5175,Object
PortsGroupType_InletConnection_Placeholder_SystemRequirements,5176,Object
PumpType_Ports_Drive_Placeholder_Measurements,5177,Object
PumpType_Ports_InletConnection_Placeholder_Design,5178,Object
PumpType_Ports_InletConnection_Placeholder_Implementation,5179,Object
PumpType_Ports_InletConnection_Placeholder_Measurements,5180,Object
PortsGroupType_OutletConnection_Placeholder_Design,5181,Object
PortsGroupType_OutletConnection_Placeholder_Implementation,5182,Object
PortsGroupType_OutletConnection_Placeholder_Measurements,5183,Object
PortsGroupType_OutletConnection_Placeholder_SystemRequirements,5184,Object
PumpType_Ports_InletConnection_Placeholder_SystemRequirements,5185,Object
PumpType_Ports_OutletConnection_Placeholder_Design,5186,Object
PumpType_Ports_OutletConnection_Placeholder_Implementation,5187,Object
PumpType_Ports_OutletConnection_Placeholder_Measurements,5188,Object
PortsGroupType_Drive_Placeholder_Design,5189,Object
PumpType_Ports_OutletConnection_Placeholder_SystemRequirements,5190,Object
OperationalGroupType_Control,5191,Object
OperationalGroupType_PumpActuation,5192,Object
OperationalGroupType_BypassActuation,5193,Object
OperationalGroupType_ThrottleValveActuation,5194,Object
OperationalGroupType_Signals,5195,Object
PumpType_Operational_Measurements,5196,Object
OperationalGroupType_MultiPump,5197,Object
OperationalGroupType_PumpActuation_CleanValveRequest,5198,Object
OperationalGroupType_PumpActuation_FlushValveRequest,5199,Object
OperationalGroupType_PumpActuation_GasDilValveRequest,5200,Object
OperationalGroupType_PumpActuation_InletValveRequest,5201,Object
OperationalGroupType_PumpActuation_OutletValveRequest,5202,Object
OperationalGroupType_PumpActuation_PumpKick,5203,Object
OperationalGroupType_PumpActuation_PumpStandByRequest,5204,Object
OperationalGroupType_PumpActuation_PurgeValveRequest,5205,Object
OperationalGroupType_PumpActuation_VentValveRequest,5206,Object
OperationalGroupType_Signals_Acceleration,5207,Object
OperationalGroupType_Signals_CleanValveOpen,5208,Object
OperationalGroupType_Signals_Deceleration,5209,Object
OperationalGroupType_Signals_FlushValveOpen,5210,Object
OperationalGroupType_Signals_GasDilValveOpen,5211,Object
OperationalGroupType_Signals_InletValveOpen,5212,Object
OperationalGroupType_Signals_NoRotation,5213,Object
OperationalGroupType_Signals_OutletValveOpen,5214,Object
OperationalGroupType_Signals_ProcessIsActive,5215,Object
OperationalGroupType_Signals_PumpActivation,5216,Object
OperationalGroupType_Signals_PumpDirection,5217,Object
OperationalGroupType_Signals_PumpOperation,5218,Object
OperationalGroupType_Signals_PumpPowerMax,5219,Object
OperationalGroupType_Signals_PumpSpeedMax,5220,Object
OperationalGroupType_Signals_PumpSpeedMin,5221,Object
OperationalGroupType_Signals_PurgeValveOpen,5222,Object
OperationalGroupType_Signals_RatedSpeed,5223,Object
OperationalGroupType_Signals_StandBy,5224,Object
OperationalGroupType_Signals_StandBySpeed,5225,Object
OperationalGroupType_Signals_TargetSpeed,5226,Object
OperationalGroupType_Signals_VentValveOpen,5227,Object
MeasurementsType_Vibration_Placeholder,5228,Object
PumpType_Operational_BypassActuation,5230,Object
PumpType_Operational_Control,5231,Object
PumpType_Operational_MultiPump,5233,Object
PumpType_Operational_PumpActuation,5234,Object
PumpType_Operational_Signals,5235,Object
PumpType_Operational_ThrottleValveActuation,5236,Object
PumpType_Operational_PumpActuation_CleanValveRequest,5237,Object
http___opcfoundation_org_UA_Pumps_,5239,Object
PumpType_Operational_PumpActuation_FlushValveRequest,5240,Object
PumpType_Operational_PumpActuation_GasDilValveRequest,5241,Object
PumpType_Operational_PumpActuation_InletValveRequest,5242,Object
PumpType_Operational_PumpActuation_OutletValveRequest,5243,Object
PumpType_Operational_PumpActuation_PumpKick,5244,Object
PumpType_Operational_PumpActuation_PumpStandByRequest,5245,Object
PumpType_Operational_PumpActuation_PurgeValveRequest,5246,Object
PumpType_Operational_PumpActuation_VentValveRequest,5247,Object
PumpType_Operational_Signals_Acceleration,5248,Object
PumpType_Operational_Signals_CleanValveOpen,5249,Object
PumpType_Operational_Signals_Deceleration,5250,Object
PumpType_Operational_Signals_FlushValveOpen,5251,Object
PumpType_Operational_Signals_GasDilValveOpen,5252,Object
PumpType_Operational_Signals_InletValveOpen,5253,Object
PumpType_Operational_Signals_NoRotation,5254,Object
PumpType_Operational_Signals_OutletValveOpen,5255,Object
PumpType_Operational_Signals_ProcessIsActive,5256,Object
PumpType_Operational_Signals_PumpActivation,5257,Object
PumpType_Operational_Signals_PumpDirection,5258,Object
PumpType_Operational_Signals_PumpOperation,5259,Object
PumpType_Operational_Signals_PumpPowerMax,5260,Object
PumpType_Operational_Signals_PumpSpeedMax,5261,Object
PumpType_Operational_Signals_PumpSpeedMin,5262,Object
PumpType_Operational_Signals_PurgeValveOpen,5263,Object
PumpType_Operational_Signals_RatedSpeed,5264,Object
PumpType_Operational_Signals_StandBy,5265,Object
PumpType_Operational_Signals_StandBySpeed,5266,Object
PumpType_Operational_Signals_TargetSpeed,5267,Object
PumpType_Operational_Signals_VentValveOpen,5268,Object
MaintenanceLevelEnum_EnumValues,6001,Variable
TypeDictionary_BinarySchema,6002,Variable
TypeDictionary_BinarySchema_NamespaceUri,6003,Variable
TypeDictionary_XmlSchema,6004,Variable
TypeDictionary_XmlSchema_NamespaceUri,6005,Variable
StateOfTheItemEnum_EnumValues,6006,Variable
MeasurementsType_AmbientHumidity_KindOfQuantity,6007,Variable
FieldbusEnum_EnumValues,6008,Variable
OperatingModeEnum_EnumValues,6009,Variable
OperationModeEnum_EnumValues,6010,Variable
ControlModeEnum_EnumValues,6011,Variable
PumpKickModeEnum_EnumValues,6012,Variable
PumpRoleEnum_EnumValues,6013,Variable
MultiPumpOperationModeEnum_EnumValues,6014,Variable
ExchangeModeEnum_EnumValues,6015,Variable
DistributionTypeEnum_EnumValues,6016,Variable
PortDirectionEnum_EnumValues,6017,Variable
TypeDictionary_BinarySchema_ExplosionZoneOptionSet,6018,Variable
TypeDictionary_XmlSchema_ExplosionZoneOptionSet,6019,Variable
TypeDictionary_BinarySchema_ExplosionProtectionOptionSet,6020,Variable
TypeDictionary_XmlSchema_ExplosionProtectionOptionSet,6021,Variable
TypeDictionary_BinarySchema_OfferedControlModesOptionSet,6022,Variable
TypeDictionary_XmlSchema_OfferedControlModesOptionSet,6023,Variable
TypeDictionary_BinarySchema_OfferedFieldbusesOptionSet,6024,Variable
TypeDictionary_XmlSchema_OfferedFieldbusesOptionSet,6025,Variable
TypeDictionary_BinarySchema_DeclarationOfConformityOptionSet,6026,Variable
TypeDictionary_XmlSchema_DeclarationOfConformityOptionSet,6027,Variable
TypeDictionary_BinarySchema_PhysicalAddressDataType,6028,Variable
TypeDictionary_XmlSchema_PhysicalAddressDataType,6029,Variable
OperationalGroupType_Measurements_AmbientHumidity_KindOfQuantity,6030,Variable
MeasurementsType_AmbientTemperature_Definition,6031,Variable
MarkingsType_Marking_Placeholder_Close_InputArguments,6032,Variable
MarkingsType_Marking_Placeholder_GetPosition_InputArguments,6033,Variable
MarkingsType_Marking_Placeholder_GetPosition_OutputArguments,6034,Variable
MarkingsType_Marking_Placeholder_Open_InputArguments,6035,Variable
MarkingsType_Marking_Placeholder_Open_OutputArguments,6036,Variable
MarkingsType_Marking_Placeholder_OpenCount,6037,Variable
MarkingsType_Marking_Placeholder_Read_InputArguments,6038,Variable
MarkingsType_Marking_Placeholder_Read_OutputArguments,6039,Variable
MarkingsType_Marking_Placeholder_SetPosition_InputArguments,6040,Variable
MarkingsType_Marking_Placeholder_Size,6041,Variable
MarkingsType_Marking_Placeholder_UserWritable,6042,Variable
MarkingsType_Marking_Placeholder_Writable,6043,Variable
MarkingsType_Marking_Placeholder_Write_InputArguments,6044,Variable
MarkingsType_Marking_Placeholder_MimeType,6045,Variable
SupervisionType_SupervisionAuxiliaryDevice_ActuatorElement,6046,Variable
SupervisionType_SupervisionAuxiliaryDevice_ActuatorElement_FalseState,6047,Variable
SupervisionType_SupervisionAuxiliaryDevice_ActuatorElement_TrueState,6048,Variable
SupervisionType_SupervisionAuxiliaryDevice_AmbientTemperature,6049,Variable
SupervisionType_SupervisionAuxiliaryDevice_AmbientTemperature_FalseState,6050,Variable
SupervisionType_SupervisionAuxiliaryDevice_AmbientTemperature_TrueState,6051,Variable
SupervisionType_SupervisionAuxiliaryDevice_AuxiliaryDeviceFault,6052,Variable
SupervisionType_SupervisionAuxiliaryDevice_AuxiliaryDeviceFault_FalseState,6053,Variable
SupervisionType_SupervisionAuxiliaryDevice_AuxiliaryDeviceFault_TrueState,6054,Variable
SupervisionType_SupervisionAuxiliaryDevice_AuxiliaryMediumAbsence,6055,Variable
SupervisionType_SupervisionAuxiliaryDevice_AuxiliaryMediumAbsence_FalseState,6056,Variable
SupervisionType_SupervisionAuxiliaryDevice_AuxiliaryMediumAbsence_TrueState,6057,Variable
SupervisionType_SupervisionAuxiliaryDevice_AuxiliaryMediumInsufficiency,6058,Variable
SupervisionType_SupervisionAuxiliaryDevice_AuxiliaryMediumInsufficiency_FalseState,6059,Variable
SupervisionType_SupervisionAuxiliaryDevice_AuxiliaryMediumInsufficiency_TrueState,6060,Variable
SupervisionType_SupervisionAuxiliaryDevice_AuxiliaryPowerPole,6061,Variable
SupervisionType_SupervisionAuxiliaryDevice_AuxiliaryPowerPole_FalseState,6062,Variable
IPumpVendorNameplateType_ArticleNumber,6063,Variable
IPumpVendorNameplateType_DayOfConstruction,6064,Variable
IPumpVendorNameplateType_FabricationNumber,6065,Variable
IPumpVendorNameplateType_GTINCode,6066,Variable
IPumpVendorNameplateType_NationalStockNumber,6067,Variable
IPumpVendorNameplateType_OrderProductCode,6068,Variable
IPumpVendorNameplateType_Supplier,6069,Variable
IPumpVendorNameplateType_TypeOfProduct,6070,Variable
PumpIdentificationType_ArticleNumber,6071,Variable
PumpIdentificationType_DayOfConstruction,6072,Variable
PumpIdentificationType_FabricationNumber,6073,Variable
PumpIdentificationType_GTINCode,6074,Variable
PumpIdentificationType_NationalStockNumber,6075,Variable
PumpIdentificationType_OrderProductCode,6076,Variable
PumpIdentificationType_Supplier,6077,Variable
PumpIdentificationType_TypeOfProduct,6078,Variable
PumpIdentificationType_CountryOfOrigin,6079,Variable
IPumpVendorNameplateType_CountryOfOrigin,6080,Variable
PumpIdentificationType_PhysicalAddress,6081,Variable
PumpIdentificationType_Markings_Marking_Placeholder_Close_InputArguments,6082,Variable
PumpIdentificationType_Markings_Marking_Placeholder_GetPosition_InputArguments,6083,Variable
PumpIdentificationType_Markings_Marking_Placeholder_GetPosition_OutputArguments,6084,Variable
PumpIdentificationType_Markings_Marking_Placeholder_Open_InputArguments,6085,Variable
PumpIdentificationType_Markings_Marking_Placeholder_Open_OutputArguments,6086,Variable
PumpIdentificationType_Markings_Marking_Placeholder_OpenCount,6087,Variable
PumpIdentificationType_Markings_Marking_Placeholder_Read_InputArguments,6088,Variable
PumpIdentificationType_Markings_Marking_Placeholder_Read_OutputArguments,6089,Variable
PumpIdentificationType_Markings_Marking_Placeholder_SetPosition_InputArguments,6090,Variable
PumpIdentificationType_Markings_Marking_Placeholder_Size,6091,Variable
PumpIdentificationType_Markings_Marking_Placeholder_UserWritable,6092,Variable
PumpIdentificationType_Markings_Marking_Placeholder_Writable,6093,Variable
PumpIdentificationType_Markings_Marking_Placeholder_Write_InputArguments,6094,Variable
PumpIdentificationType_Markings_Marking_Placeholder_MimeType,6095,Variable
DocumentationType_Arrangements_Close_InputArguments,6096,Variable
DocumentationType_Arrangements_GetPosition_InputArguments,6097,Variable
DocumentationType_Arrangements_GetPosition_OutputArguments,6098,Variable
DocumentationType_Arrangements_Open_InputArguments,6099,Variable
DocumentationType_Arrangements_Open_OutputArguments,6100,Variable
DocumentationType_Arrangements_OpenCount,6101,Variable
DocumentationType_Arrangements_Read_InputArguments,6102,Variable
DocumentationType_Arrangements_Read_OutputArguments,6103,Variable
DocumentationType_Arrangements_SetPosition_InputArguments,6104,Variable
DocumentationType_Arrangements_Size,6105,Variable
DocumentationType_Arrangements_UserWritable,6106,Variable
DocumentationType_Arrangements_Writable,6107,Variable
DocumentationType_Arrangements_Write_InputArguments,6108,Variable
DocumentationType_ArrangementsLink,6109,Variable
DocumentationType_CertificatesLink,6110,Variable
DocumentationType_Arrangements_MimeType,6111,Variable
DocumentationType_Certificates_Close_InputArguments,6112,Variable
DocumentationType_Certificates_GetPosition_InputArguments,6113,Variable
DocumentationType_Certificates_GetPosition_OutputArguments,6114,Variable
DocumentationType_Certificates_Open_InputArguments,6115,Variable
DocumentationType_Certificates_Open_OutputArguments,6116,Variable
DocumentationType_Certificates_OpenCount,6117,Variable
DocumentationType_Certificates_Read_InputArguments,6118,Variable
DocumentationType_Certificates_Read_OutputArguments,6119,Variable
DocumentationType_Certificates_SetPosition_InputArguments,6120,Variable
DocumentationType_Certificates_Size,6121,Variable
DocumentationType_Certificates_UserWritable,6122,Variable
DocumentationType_Certificates_Writable,6123,Variable
DocumentationType_Certificates_Write_InputArguments,6124,Variable
DocumentationType_CircuitDiagram_Close_InputArguments,6125,Variable
DocumentationType_CircuitDiagram_GetPosition_InputArguments,6126,Variable
DocumentationType_CircuitDiagram_GetPosition_OutputArguments,6127,Variable
DocumentationType_CircuitDiagram_Open_InputArguments,6128,Variable
DocumentationType_CircuitDiagram_Open_OutputArguments,6129,Variable
DocumentationType_CircuitDiagram_OpenCount,6130,Variable
DocumentationType_CircuitDiagram_Read_InputArguments,6131,Variable
DocumentationType_CircuitDiagram_Read_OutputArguments,6132,Variable
DocumentationType_CircuitDiagram_SetPosition_InputArguments,6133,Variable
DocumentationType_CircuitDiagram_Size,6134,Variable
DocumentationType_CircuitDiagram_UserWritable,6135,Variable
DocumentationType_CircuitDiagram_Writable,6136,Variable
DocumentationType_CircuitDiagram_Write_InputArguments,6137,Variable
DocumentationType_ComponentsList_Close_InputArguments,6138,Variable
DocumentationType_ComponentsList_GetPosition_InputArguments,6139,Variable
DocumentationType_ComponentsList_GetPosition_OutputArguments,6140,Variable
DocumentationType_ComponentsList_Open_InputArguments,6141,Variable
DocumentationType_ComponentsList_Open_OutputArguments,6142,Variable
DocumentationType_ComponentsList_OpenCount,6143,Variable
DocumentationType_ComponentsList_Read_InputArguments,6144,Variable
DocumentationType_ComponentsList_Read_OutputArguments,6145,Variable
DocumentationType_ComponentsList_SetPosition_InputArguments,6146,Variable
DocumentationType_ComponentsList_Size,6147,Variable
DocumentationType_ComponentsList_UserWritable,6148,Variable
DocumentationType_ComponentsList_Writable,6149,Variable
DocumentationType_ComponentsList_Write_InputArguments,6150,Variable
DocumentationType_Detail_Close_InputArguments,6151,Variable
DocumentationType_Detail_GetPosition_InputArguments,6152,Variable
DocumentationType_Detail_GetPosition_OutputArguments,6153,Variable
DocumentationType_Detail_Open_InputArguments,6154,Variable
DocumentationType_Detail_Open_OutputArguments,6155,Variable
DocumentationType_Detail_OpenCount,6156,Variable
DocumentationType_Detail_Read_InputArguments,6157,Variable
DocumentationType_Detail_Read_OutputArguments,6158,Variable
DocumentationType_Detail_SetPosition_InputArguments,6159,Variable
DocumentationType_Detail_Size,6160,Variable
DocumentationType_Detail_UserWritable,6161,Variable
DocumentationType_Detail_Writable,6162,Variable
DocumentationType_Detail_Write_InputArguments,6163,Variable
DocumentationType_Layout_Close_InputArguments,6164,Variable
DocumentationType_Layout_GetPosition_InputArguments,6165,Variable
DocumentationType_Layout_GetPosition_OutputArguments,6166,Variable
DocumentationType_Layout_Open_InputArguments,6167,Variable
DocumentationType_Layout_Open_OutputArguments,6168,Variable
DocumentationType_Layout_OpenCount,6169,Variable
DocumentationType_Layout_Read_InputArguments,6170,Variable
DocumentationType_Layout_Read_OutputArguments,6171,Variable
DocumentationType_Layout_SetPosition_InputArguments,6172,Variable
DocumentationType_Layout_Size,6173,Variable
DocumentationType_Layout_UserWritable,6174,Variable
DocumentationType_Layout_Writable,6175,Variable
DocumentationType_Layout_Write_InputArguments,6176,Variable
DocumentationType_Location_Close_InputArguments,6177,Variable
DocumentationType_Location_GetPosition_InputArguments,6178,Variable
DocumentationType_Location_GetPosition_OutputArguments,6179,Variable
DocumentationType_Location_Open_InputArguments,6180,Variable
DocumentationType_Location_Open_OutputArguments,6181,Variable
DocumentationType_Location_OpenCount,6182,Variable
DocumentationType_Location_Read_InputArguments,6183,Variable
DocumentationType_Location_Read_OutputArguments,6184,Variable
DocumentationType_Location_SetPosition_InputArguments,6185,Variable
DocumentationType_Location_Size,6186,Variable
DocumentationType_Location_UserWritable,6187,Variable
DocumentationType_Location_Writable,6188,Variable
DocumentationType_Location_Write_InputArguments,6189,Variable
DocumentationType_LogicDiagram_Close_InputArguments,6190,Variable
DocumentationType_LogicDiagram_GetPosition_InputArguments,6191,Variable
DocumentationType_LogicDiagram_GetPosition_OutputArguments,6192,Variable
DocumentationType_LogicDiagram_Open_InputArguments,6193,Variable
DocumentationType_LogicDiagram_Open_OutputArguments,6194,Variable
DocumentationType_LogicDiagram_OpenCount,6195,Variable
DocumentationType_LogicDiagram_Read_InputArguments,6196,Variable
DocumentationType_LogicDiagram_Read_OutputArguments,6197,Variable
DocumentationType_LogicDiagram_SetPosition_InputArguments,6198,Variable
DocumentationType_LogicDiagram_Size,6199,Variable
DocumentationType_LogicDiagram_UserWritable,6200,Variable
DocumentationType_LogicDiagram_Writable,6201,Variable
DocumentationType_LogicDiagram_Write_InputArguments,6202,Variable
DocumentationType_LubricationMap_Close_InputArguments,6203,Variable
DocumentationType_LubricationMap_GetPosition_InputArguments,6204,Variable
DocumentationType_LubricationMap_GetPosition_OutputArguments,6205,Variable
DocumentationType_LubricationMap_Open_InputArguments,6206,Variable
DocumentationType_LubricationMap_Open_OutputArguments,6207,Variable
DocumentationType_LubricationMap_OpenCount,6208,Variable
DocumentationType_LubricationMap_Read_InputArguments,6209,Variable
DocumentationType_LubricationMap_Read_OutputArguments,6210,Variable
DocumentationType_LubricationMap_SetPosition_InputArguments,6211,Variable
DocumentationType_LubricationMap_Size,6212,Variable
DocumentationType_LubricationMap_UserWritable,6213,Variable
DocumentationType_LubricationMap_Writable,6214,Variable
DocumentationType_LubricationMap_Write_InputArguments,6215,Variable
DocumentationType_MaintenanceManual_Close_InputArguments,6216,Variable
DocumentationType_MaintenanceManual_GetPosition_InputArguments,6217,Variable
DocumentationType_MaintenanceManual_GetPosition_OutputArguments,6218,Variable
DocumentationType_MaintenanceManual_Open_InputArguments,6219,Variable
DocumentationType_MaintenanceManual_Open_OutputArguments,6220,Variable
DocumentationType_MaintenanceManual_OpenCount,6221,Variable
DocumentationType_MaintenanceManual_Read_InputArguments,6222,Variable
DocumentationType_MaintenanceManual_Read_OutputArguments,6223,Variable
DocumentationType_MaintenanceManual_SetPosition_InputArguments,6224,Variable
DocumentationType_MaintenanceManual_Size,6225,Variable
DocumentationType_MaintenanceManual_UserWritable,6226,Variable
DocumentationType_MaintenanceManual_Writable,6227,Variable
DocumentationType_MaintenanceManual_Write_InputArguments,6228,Variable
DocumentationType_OperationManual_Close_InputArguments,6229,Variable
DocumentationType_OperationManual_GetPosition_InputArguments,6230,Variable
DocumentationType_OperationManual_GetPosition_OutputArguments,6231,Variable
DocumentationType_OperationManual_Open_InputArguments,6232,Variable
DocumentationType_OperationManual_Open_OutputArguments,6233,Variable
DocumentationType_OperationManual_OpenCount,6234,Variable
DocumentationType_OperationManual_Read_InputArguments,6235,Variable
DocumentationType_OperationManual_Read_OutputArguments,6236,Variable
DocumentationType_OperationManual_SetPosition_InputArguments,6237,Variable
DocumentationType_OperationManual_Size,6238,Variable
DocumentationType_OperationManual_UserWritable,6239,Variable
DocumentationType_OperationManual_Writable,6240,Variable
DocumentationType_OperationManual_Write_InputArguments,6241,Variable
DocumentationType_PipeAndInstrumentDiagram_Close_InputArguments,6242,Variable
DocumentationType_PipeAndInstrumentDiagram_GetPosition_InputArguments,6243,Variable
DocumentationType_PipeAndInstrumentDiagram_GetPosition_OutputArguments,6244,Variable
DocumentationType_PipeAndInstrumentDiagram_Open_InputArguments,6245,Variable
DocumentationType_PipeAndInstrumentDiagram_Open_OutputArguments,6246,Variable
DocumentationType_PipeAndInstrumentDiagram_OpenCount,6247,Variable
DocumentationType_PipeAndInstrumentDiagram_Read_InputArguments,6248,Variable
DocumentationType_PipeAndInstrumentDiagram_Read_OutputArguments,6249,Variable
DocumentationType_PipeAndInstrumentDiagram_SetPosition_InputArguments,6250,Variable
DocumentationType_PipeAndInstrumentDiagram_Size,6251,Variable
DocumentationType_PipeAndInstrumentDiagram_UserWritable,6252,Variable
DocumentationType_PipeAndInstrumentDiagram_Writable,6253,Variable
DocumentationType_PipeAndInstrumentDiagram_Write_InputArguments,6254,Variable
DocumentationType_SingleLineDiagram_Close_InputArguments,6255,Variable
DocumentationType_SingleLineDiagram_GetPosition_InputArguments,6256,Variable
DocumentationType_SingleLineDiagram_GetPosition_OutputArguments,6257,Variable
DocumentationType_SingleLineDiagram_Open_InputArguments,6258,Variable
DocumentationType_SingleLineDiagram_Open_OutputArguments,6259,Variable
DocumentationType_SingleLineDiagram_OpenCount,6260,Variable
DocumentationType_SingleLineDiagram_Read_InputArguments,6261,Variable
DocumentationType_SingleLineDiagram_Read_OutputArguments,6262,Variable
DocumentationType_SingleLineDiagram_SetPosition_InputArguments,6263,Variable
DocumentationType_SingleLineDiagram_Size,6264,Variable
DocumentationType_SingleLineDiagram_UserWritable,6265,Variable
DocumentationType_SingleLineDiagram_Writable,6266,Variable
DocumentationType_SingleLineDiagram_Write_InputArguments,6267,Variable
DocumentationType_TechnicalData_Close_InputArguments,6268,Variable
DocumentationType_TechnicalData_GetPosition_InputArguments,6269,Variable
DocumentationType_TechnicalData_GetPosition_OutputArguments,6270,Variable
DocumentationType_TechnicalData_Open_InputArguments,6271,Variable
DocumentationType_TechnicalData_Open_OutputArguments,6272,Variable
DocumentationType_TechnicalData_OpenCount,6273,Variable
DocumentationType_TechnicalData_Read_InputArguments,6274,Variable
DocumentationType_TechnicalData_Read_OutputArguments,6275,Variable
DocumentationType_TechnicalData_SetPosition_InputArguments,6276,Variable
DocumentationType_TechnicalData_Size,6277,Variable
DocumentationType_TechnicalData_UserWritable,6278,Variable
DocumentationType_TechnicalData_Writable,6279,Variable
DocumentationType_TechnicalData_Write_InputArguments,6280,Variable
DocumentationType_TestProgramReport_Close_InputArguments,6281,Variable
DocumentationType_TestProgramReport_GetPosition_InputArguments,6282,Variable
DocumentationType_TestProgramReport_GetPosition_OutputArguments,6283,Variable
DocumentationType_TestProgramReport_Open_InputArguments,6284,Variable
DocumentationType_TestProgramReport_Open_OutputArguments,6285,Variable
DocumentationType_TestProgramReport_OpenCount,6286,Variable
DocumentationType_TestProgramReport_Read_InputArguments,6287,Variable
DocumentationType_TestProgramReport_Read_OutputArguments,6288,Variable
DocumentationType_TestProgramReport_SetPosition_InputArguments,6289,Variable
DocumentationType_TestProgramReport_Size,6290,Variable
DocumentationType_TestProgramReport_UserWritable,6291,Variable
DocumentationType_TestProgramReport_Writable,6292,Variable
DocumentationType_TestProgramReport_Write_InputArguments,6293,Variable
DocumentationType_UnitMaintenanceReport_Close_InputArguments,6294,Variable
DocumentationType_UnitMaintenanceReport_GetPosition_InputArguments,6295,Variable
DocumentationType_UnitMaintenanceReport_GetPosition_OutputArguments,6296,Variable
DocumentationType_UnitMaintenanceReport_Open_InputArguments,6297,Variable
DocumentationType_UnitMaintenanceReport_Open_OutputArguments,6298,Variable
DocumentationType_UnitMaintenanceReport_OpenCount,6299,Variable
DocumentationType_UnitMaintenanceReport_Read_InputArguments,6300,Variable
DocumentationType_UnitMaintenanceReport_Read_OutputArguments,6301,Variable
DocumentationType_UnitMaintenanceReport_SetPosition_InputArguments,6302,Variable
DocumentationType_UnitMaintenanceReport_Size,6303,Variable
DocumentationType_UnitMaintenanceReport_UserWritable,6304,Variable
DocumentationType_UnitMaintenanceReport_Writable,6305,Variable
DocumentationType_UnitMaintenanceReport_Write_InputArguments,6306,Variable
DocumentationType_DuringMaintenanceServicesRendered_Close_InputArguments,6307,Variable
DocumentationType_DuringMaintenanceServicesRendered_GetPosition_InputArguments,6308,Variable
DocumentationType_DuringMaintenanceServicesRendered_GetPosition_OutputArguments,6309,Variable
DocumentationType_DuringMaintenanceServicesRendered_Open_InputArguments,6310,Variable
DocumentationType_DuringMaintenanceServicesRendered_Open_OutputArguments,6311,Variable
DocumentationType_DuringMaintenanceServicesRendered_OpenCount,6312,Variable
DocumentationType_DuringMaintenanceServicesRendered_Read_InputArguments,6313,Variable
DocumentationType_DuringMaintenanceServicesRendered_Read_OutputArguments,6314,Variable
DocumentationType_DuringMaintenanceServicesRendered_SetPosition_InputArguments,6315,Variable
DocumentationType_DuringMaintenanceServicesRendered_Size,6316,Variable
DocumentationType_DuringMaintenanceServicesRendered_UserWritable,6317,Variable
DocumentationType_DuringMaintenanceServicesRendered_Writable,6318,Variable
DocumentationType_DuringMaintenanceServicesRendered_Write_InputArguments,6319,Variable
DocumentationType_PersonnelRecording_Close_InputArguments,6320,Variable
DocumentationType_PersonnelRecording_GetPosition_InputArguments,6321,Variable
DocumentationType_PersonnelRecording_GetPosition_OutputArguments,6322,Variable
DocumentationType_PersonnelRecording_Open_InputArguments,6323,Variable
DocumentationType_PersonnelRecording_Open_OutputArguments,6324,Variable
DocumentationType_PersonnelRecording_OpenCount,6325,Variable
DocumentationType_PersonnelRecording_Read_InputArguments,6326,Variable
DocumentationType_PersonnelRecording_Read_OutputArguments,6327,Variable
DocumentationType_PersonnelRecording_SetPosition_InputArguments,6328,Variable
DocumentationType_PersonnelRecording_Size,6329,Variable
DocumentationType_PersonnelRecording_UserWritable,6330,Variable
DocumentationType_PersonnelRecording_Writable,6331,Variable
DocumentationType_PersonnelRecording_Write_InputArguments,6332,Variable
DocumentationType_Staff_Close_InputArguments,6333,Variable
DocumentationType_Staff_GetPosition_InputArguments,6334,Variable
DocumentationType_Staff_GetPosition_OutputArguments,6335,Variable
DocumentationType_Staff_Open_InputArguments,6336,Variable
DocumentationType_Staff_Open_OutputArguments,6337,Variable
DocumentationType_Staff_OpenCount,6338,Variable
DocumentationType_Staff_Read_InputArguments,6339,Variable
DocumentationType_Staff_Read_OutputArguments,6340,Variable
DocumentationType_Staff_SetPosition_InputArguments,6341,Variable
DocumentationType_Staff_Size,6342,Variable
DocumentationType_Staff_UserWritable,6343,Variable
DocumentationType_Staff_Writable,6344,Variable
DocumentationType_Staff_Write_InputArguments,6345,Variable
DocumentationType_ImplementationDescription_Close_InputArguments,6346,Variable
DocumentationType_ImplementationDescription_GetPosition_InputArguments,6347,Variable
DocumentationType_ImplementationDescription_GetPosition_OutputArguments,6348,Variable
DocumentationType_ImplementationDescription_Open_InputArguments,6349,Variable
DocumentationType_ImplementationDescription_Open_OutputArguments,6350,Variable
DocumentationType_ImplementationDescription_OpenCount,6351,Variable
DocumentationType_ImplementationDescription_Read_InputArguments,6352,Variable
DocumentationType_ImplementationDescription_Read_OutputArguments,6353,Variable
DocumentationType_ImplementationDescription_SetPosition_InputArguments,6354,Variable
DocumentationType_ImplementationDescription_Size,6355,Variable
DocumentationType_ImplementationDescription_UserWritable,6356,Variable
DocumentationType_ImplementationDescription_Writable,6357,Variable
DocumentationType_ImplementationDescription_Write_InputArguments,6358,Variable
DocumentationType_ScopeOfWork_Close_InputArguments,6359,Variable
DocumentationType_ScopeOfWork_GetPosition_InputArguments,6360,Variable
DocumentationType_ScopeOfWork_GetPosition_OutputArguments,6361,Variable
DocumentationType_ScopeOfWork_Open_InputArguments,6362,Variable
DocumentationType_ScopeOfWork_Open_OutputArguments,6363,Variable
DocumentationType_ScopeOfWork_OpenCount,6364,Variable
DocumentationType_ScopeOfWork_Read_InputArguments,6365,Variable
DocumentationType_ScopeOfWork_Read_OutputArguments,6366,Variable
DocumentationType_ScopeOfWork_SetPosition_InputArguments,6367,Variable
DocumentationType_ScopeOfWork_Size,6368,Variable
DocumentationType_ScopeOfWork_UserWritable,6369,Variable
DocumentationType_ScopeOfWork_Writable,6370,Variable
DocumentationType_ScopeOfWork_Write_InputArguments,6371,Variable
DocumentationType_SparePartReference_Close_InputArguments,6372,Variable
DocumentationType_SparePartReference_GetPosition_InputArguments,6373,Variable
DocumentationType_SparePartReference_GetPosition_OutputArguments,6374,Variable
DocumentationType_SparePartReference_Open_InputArguments,6375,Variable
DocumentationType_SparePartReference_Open_OutputArguments,6376,Variable
DocumentationType_SparePartReference_OpenCount,6377,Variable
DocumentationType_SparePartReference_Read_InputArguments,6378,Variable
DocumentationType_SparePartReference_Read_OutputArguments,6379,Variable
DocumentationType_SparePartReference_SetPosition_InputArguments,6380,Variable
DocumentationType_SparePartReference_Size,6381,Variable
DocumentationType_SparePartReference_UserWritable,6382,Variable
DocumentationType_SparePartReference_Writable,6383,Variable
DocumentationType_SparePartReference_Write_InputArguments,6384,Variable
DocumentationType_Certificates_MimeType,6385,Variable
DocumentationType_ComponentsList_MimeType,6386,Variable
DocumentationType_CircuitDiagram_MimeType,6387,Variable
DocumentationType_Detail_MimeType,6388,Variable
DocumentationType_DuringMaintenanceServicesRendered_MimeType,6389,Variable
DocumentationType_ImplementationDescription_MimeType,6390,Variable
DocumentationType_Layout_MimeType,6391,Variable
DocumentationType_Location_MimeType,6392,Variable
DocumentationType_LogicDiagram_MimeType,6393,Variable
DocumentationType_LubricationMap_MimeType,6394,Variable
DocumentationType_MaintenanceManual_MimeType,6395,Variable
DocumentationType_OperationManual_MimeType,6396,Variable
DocumentationType_PipeAndInstrumentDiagram_MimeType,6397,Variable
DocumentationType_PersonnelRecording_MimeType,6398,Variable
DocumentationType_SingleLineDiagram_MimeType,6399,Variable
DocumentationType_ScopeOfWork_MimeType,6400,Variable
DocumentationType_SparePartReference_MimeType,6401,Variable
DocumentationType_Staff_MimeType,6402,Variable
DocumentationType_TechnicalData_MimeType,6403,Variable
DocumentationType_TestProgramReport_MimeType,6404,Variable
DocumentationType_UnitMaintenanceReport_MimeType,6405,Variable
DocumentationType_CircuitDiagramLink,6406,Variable
DocumentationType_ComponentsListLink,6407,Variable
DocumentationType_DetailLink,6408,Variable
DocumentationType_DuringMaintenanceServicesRenderedLink,6409,Variable
DocumentationType_ImplementationDescriptionLink,6410,Variable
DocumentationType_LayoutLink,6411,Variable
DocumentationType_LocationLink,6412,Variable
DocumentationType_LogicDiagramLink,6413,Variable
DocumentationType_LubricationMapLink,6414,Variable
DocumentationType_MaintenanceManualLink,6415,Variable
DocumentationType_OperationManualLink,6416,Variable
DocumentationType_PersonnelRecordingLink,6417,Variable
DocumentationType_PipeAndInstrumentDiagramLink,6418,Variable
DocumentationType_ScopeOfWorkLink,6419,Variable
DocumentationType_SingleLineDiagramLink,6420,Variable
DocumentationType_SparePartReferenceLink,6421,Variable
DocumentationType_StaffLink,6422,Variable
DocumentationType_TechnicalDataLink,6423,Variable
DocumentationType_TestProgramReportLink,6424,Variable
DocumentationType_UnitMaintenanceReportLink,6425,Variable
DocumentationType_ArrangementsLink_Definition,6426,Variable
DocumentationType_CertificatesLink_Definition,6427,Variable
DocumentationType_CircuitDiagramLink_Definition,6428,Variable
DocumentationType_ComponentsListLink_Definition,6429,Variable
DocumentationType_DetailLink_Definition,6430,Variable
DocumentationType_DuringMaintenanceServicesRenderedLink_Definition,6431,Variable
DocumentationType_ImplementationDescriptionLink_Definition,6432,Variable
DocumentationType_LayoutLink_Definition,6433,Variable
DocumentationType_LocationLink_Definition,6434,Variable
DocumentationType_LogicDiagramLink_Definition,6435,Variable
DocumentationType_LubricationMapLink_Definition,6436,Variable
DocumentationType_MaintenanceManualLink_Definition,6437,Variable
DocumentationType_OperationManualLink_Definition,6438,Variable
DocumentationType_PersonnelRecordingLink_Definition,6439,Variable
DocumentationType_PipeAndInstrumentDiagramLink_Definition,6440,Variable
DocumentationType_ScopeOfWorkLink_Definition,6441,Variable
DocumentationType_SingleLineDiagramLink_Definition,6442,Variable
DocumentationType_SparePartReferenceLink_Definition,6443,Variable
DocumentationType_StaffLink_Definition,6444,Variable
DocumentationType_TechnicalDataLink_Definition,6445,Variable
DocumentationType_TestProgramReportLink_Definition,6446,Variable
DocumentationType_UnitMaintenanceReportLink_Definition,6447,Variable
GeneralMaintenanceType_StateOfTheItem,6448,Variable
GeneralMaintenanceType_StateOfTheItem_Definition,6449,Variable
GeneralMaintenanceType_MaintenanceLevel,6450,Variable
GeneralMaintenanceType_MaintenanceLevel_Definition,6451,Variable
GeneralMaintenanceType_ActiveMaintenanceTime,6452,Variable
GeneralMaintenanceType_ActiveMaintenanceTime_Definition,6453,Variable
GeneralMaintenanceType_ActiveMaintenanceTime_EURange,6454,Variable
GeneralMaintenanceType_ActiveMaintenanceTime_EngineeringUnits,6455,Variable
GeneralMaintenanceType_FailureRate,6456,Variable
GeneralMaintenanceType_MaintenanceTime,6457,Variable
GeneralMaintenanceType_MeanOperatingTimeBetweenFailures,6458,Variable
GeneralMaintenanceType_MeanRepairTime,6459,Variable
GeneralMaintenanceType_MeanTimeToRestauration,6460,Variable
GeneralMaintenanceType_OperatingTimeBetweenFailures,6461,Variable
GeneralMaintenanceType_OperatingTimeToFailure,6462,Variable
GeneralMaintenanceType_RepairTime,6463,Variable
GeneralMaintenanceType_TimeBetweenFailures,6464,Variable
GeneralMaintenanceType_TimeToRestoration,6465,Variable
GeneralMaintenanceType_Obsolescence,6466,Variable
GeneralMaintenanceType_Obsolescence_FalseState,6467,Variable
GeneralMaintenanceType_Obsolescence_TrueState,6468,Variable
GeneralMaintenanceType_FailureRate_Definition,6469,Variable
GeneralMaintenanceType_FailureRate_EURange,6470,Variable
GeneralMaintenanceType_FailureRate_EngineeringUnits,6471,Variable
GeneralMaintenanceType_MaintenanceTime_Definition,6472,Variable
GeneralMaintenanceType_MaintenanceTime_EURange,6473,Variable
GeneralMaintenanceType_MaintenanceTime_EngineeringUnits,6474,Variable
GeneralMaintenanceType_MeanOperatingTimeBetweenFailures_Definition,6475,Variable
GeneralMaintenanceType_MeanOperatingTimeBetweenFailures_EURange,6476,Variable
GeneralMaintenanceType_MeanOperatingTimeBetweenFailures_EngineeringUnits,6477,Variable
GeneralMaintenanceType_MeanRepairTime_Definition,6478,Variable
GeneralMaintenanceType_MeanRepairTime_EURange,6479,Variable
GeneralMaintenanceType_MeanRepairTime_EngineeringUnits,6480,Variable
GeneralMaintenanceType_MeanTimeToRestauration_Definition,6481,Variable
GeneralMaintenanceType_MeanTimeToRestauration_EURange,6482,Variable
GeneralMaintenanceType_MeanTimeToRestauration_EngineeringUnits,6483,Variable
GeneralMaintenanceType_OperatingTimeBetweenFailures_Definition,6484,Variable
GeneralMaintenanceType_OperatingTimeBetweenFailures_EURange,6485,Variable
GeneralMaintenanceType_Obsolescence_Definition,6486,Variable
GeneralMaintenanceType_OperatingTimeToFailure_Definition,6487,Variable
GeneralMaintenanceType_OperatingTimeToFailure_EURange,6488,Variable
GeneralMaintenanceType_OperatingTimeToFailure_EngineeringUnits,6489,Variable
GeneralMaintenanceType_RepairTime_Definition,6490,Variable
GeneralMaintenanceType_RepairTime_EURange,6491,Variable
GeneralMaintenanceType_RepairTime_EngineeringUnits,6492,Variable
GeneralMaintenanceType_TimeBetweenFailures_Definition,6493,Variable
GeneralMaintenanceType_TimeBetweenFailures_EURange,6494,Variable
GeneralMaintenanceType_TimeBetweenFailures_EngineeringUnits,6495,Variable
GeneralMaintenanceType_TimeToRestoration_Definition,6496,Variable
GeneralMaintenanceType_TimeToRestoration_EURange,6497,Variable
GeneralMaintenanceType_TimeToRestoration_EngineeringUnits,6498,Variable
GeneralMaintenanceType_OperatingTimeBetweenFailures_EngineeringUnits,6499,Variable
ConditionBasedMaintenanceType_Availability,6500,Variable
ConditionBasedMaintenanceType_Availability_Definition,6501,Variable
ConditionBasedMaintenanceType_Availability_EURange,6502,Variable
ConditionBasedMaintenanceType_Availability_EngineeringUnits,6503,Variable
ConditionBasedMaintenanceType_Durability,6504,Variable
ConditionBasedMaintenanceType_ExpectedReliability,6505,Variable
ConditionBasedMaintenanceType_InstantaneousAvailability,6506,Variable
ConditionBasedMaintenanceType_IntrinsicMaintainability,6507,Variable
ConditionBasedMaintenanceType_IntrinsicReliability,6508,Variable
ConditionBasedMaintenanceType_Maintainability,6509,Variable
ConditionBasedMaintenanceType_ProductionBasedAvailability,6510,Variable
ConditionBasedMaintenanceType_Reliability,6511,Variable
ConditionBasedMaintenanceType_TimeBasedAvailability,6512,Variable
ConditionBasedMaintenanceType_Durability_Definition,6513,Variable
ConditionBasedMaintenanceType_Durability_EURange,6514,Variable
ConditionBasedMaintenanceType_Durability_EngineeringUnits,6515,Variable
ConditionBasedMaintenanceType_ExpectedReliability_Definition,6516,Variable
ConditionBasedMaintenanceType_ExpectedReliability_EURange,6517,Variable
ConditionBasedMaintenanceType_ExpectedReliability_EngineeringUnits,6518,Variable
ConditionBasedMaintenanceType_InstantaneousAvailability_Definition,6519,Variable
ConditionBasedMaintenanceType_InstantaneousAvailability_EURange,6520,Variable
ConditionBasedMaintenanceType_InstantaneousAvailability_EngineeringUnits,6521,Variable
ConditionBasedMaintenanceType_IntrinsicMaintainability_Definition,6522,Variable
ConditionBasedMaintenanceType_IntrinsicMaintainability_EURange,6523,Variable
ConditionBasedMaintenanceType_IntrinsicMaintainability_EngineeringUnits,6524,Variable
ConditionBasedMaintenanceType_IntrinsicReliability_Definition,6525,Variable
ConditionBasedMaintenanceType_IntrinsicReliability_EURange,6526,Variable
ConditionBasedMaintenanceType_IntrinsicReliability_EngineeringUnits,6527,Variable
ConditionBasedMaintenanceType_Maintainability_Definition,6528,Variable
ConditionBasedMaintenanceType_Maintainability_EURange,6529,Variable
ConditionBasedMaintenanceType_Maintainability_EngineeringUnits,6530,Variable
ConditionBasedMaintenanceType_ProductionBasedAvailability_Definition,6531,Variable
ConditionBasedMaintenanceType_ProductionBasedAvailability_EURange,6532,Variable
ConditionBasedMaintenanceType_ProductionBasedAvailability_EngineeringUnits,6533,Variable
ConditionBasedMaintenanceType_Reliability_Definition,6534,Variable
ConditionBasedMaintenanceType_Reliability_EURange,6535,Variable
ConditionBasedMaintenanceType_Reliability_EngineeringUnits,6536,Variable
ConditionBasedMaintenanceType_TimeBasedAvailability_Definition,6537,Variable
ConditionBasedMaintenanceType_TimeBasedAvailability_EURange,6538,Variable
ConditionBasedMaintenanceType_TimeBasedAvailability_EngineeringUnits,6539,Variable
PreventiveMaintenanceType_ActivePreventiveMaintenanceTime,6540,Variable
PreventiveMaintenanceType_ActivePreventiveMaintenanceTime_Definition,6541,Variable
PreventiveMaintenanceType_ActivePreventiveMaintenanceTime_EURange,6542,Variable
PreventiveMaintenanceType_ActivePreventiveMaintenanceTime_EngineeringUnits,6543,Variable
PreventiveMaintenanceType_PreventiveMaintenanceTime,6544,Variable
PreventiveMaintenanceType_PreventiveMaintenanceTime_Definition,6545,Variable
PreventiveMaintenanceType_PreventiveMaintenanceTime_EURange,6546,Variable
PreventiveMaintenanceType_PreventiveMaintenanceTime_EngineeringUnits,6547,Variable
PreventiveMaintenanceType_InstallationDate,6548,Variable
PreventiveMaintenanceType_InstallationDate_Definition,6549,Variable
PreventiveMaintenanceType_LastInspectionDate,6550,Variable
PreventiveMaintenanceType_LastServicingDate,6551,Variable
PreventiveMaintenanceType_NextInspectionDate,6552,Variable
PreventiveMaintenanceType_NextServicingDate,6553,Variable
PreventiveMaintenanceType_LastInspectionDate_Definition,6554,Variable
PreventiveMaintenanceType_LastServicingDate_Definition,6555,Variable
PreventiveMaintenanceType_NextInspectionDate_Definition,6556,Variable
PreventiveMaintenanceType_NextServicingDate_Definition,6557,Variable
BreakdownMaintenanceType_CorrectiveMaintenanceTime,6558,Variable
BreakdownMaintenanceType_CorrectiveMaintenanceTime_Definition,6559,Variable
BreakdownMaintenanceType_CorrectiveMaintenanceTime_EURange,6560,Variable
BreakdownMaintenanceType_CorrectiveMaintenanceTime_EngineeringUnits,6561,Variable
BreakdownMaintenanceType_Criticality,6562,Variable
BreakdownMaintenanceType_NumberOfFailures,6563,Variable
BreakdownMaintenanceType_Severity,6564,Variable
BreakdownMaintenanceType_Failure,6565,Variable
BreakdownMaintenanceType_Failure_FalseState,6566,Variable
BreakdownMaintenanceType_Failure_TrueState,6567,Variable
BreakdownMaintenanceType_Criticality_Definition,6568,Variable
BreakdownMaintenanceType_Criticality_EURange,6569,Variable
PumpType_Documentation_Arrangements_MimeType,6570,Variable
BreakdownMaintenanceType_Failure_Definition,6571,Variable
BreakdownMaintenanceType_NumberOfFailures_Definition,6572,Variable
BreakdownMaintenanceType_NumberOfFailures_EURange,6573,Variable
PumpType_Documentation_Certificates_MimeType,6574,Variable
BreakdownMaintenanceType_Severity_Definition,6575,Variable
MaintenanceGroupType_BreakdownMaintenance_CorrectiveMaintenanceTime,6576,Variable
MaintenanceGroupType_BreakdownMaintenance_Criticality,6577,Variable
MaintenanceGroupType_BreakdownMaintenance_Failure,6578,Variable
MaintenanceGroupType_BreakdownMaintenance_Failure_FalseState,6579,Variable
MaintenanceGroupType_BreakdownMaintenance_Failure_TrueState,6580,Variable
MaintenanceGroupType_BreakdownMaintenance_NumberOfFailures,6581,Variable
MaintenanceGroupType_BreakdownMaintenance_Severity,6582,Variable
MaintenanceGroupType_BreakdownMaintenance_CorrectiveMaintenanceTime_Definition,6583,Variable
MaintenanceGroupType_BreakdownMaintenance_CorrectiveMaintenanceTime_EURange,6584,Variable
MaintenanceGroupType_BreakdownMaintenance_CorrectiveMaintenanceTime_EngineeringUnits,6585,Variable
MaintenanceGroupType_BreakdownMaintenance_Criticality_Definition,6586,Variable
MaintenanceGroupType_BreakdownMaintenance_Criticality_EURange,6587,Variable
PumpType_Documentation_CircuitDiagram_MimeType,6588,Variable
MaintenanceGroupType_BreakdownMaintenance_Failure_Definition,6589,Variable
MaintenanceGroupType_BreakdownMaintenance_NumberOfFailures_Definition,6590,Variable
MaintenanceGroupType_BreakdownMaintenance_NumberOfFailures_EURange,6591,Variable
PumpType_Documentation_ComponentsList_MimeType,6592,Variable
MaintenanceGroupType_BreakdownMaintenance_Severity_Definition,6593,Variable
MaintenanceGroupType_ConditionBasedMaintenance_Availability,6594,Variable
MaintenanceGroupType_ConditionBasedMaintenance_Durability,6595,Variable
MaintenanceGroupType_ConditionBasedMaintenance_ExpectedReliability,6596,Variable
MaintenanceGroupType_ConditionBasedMaintenance_InstantaneousAvailability,6597,Variable
MaintenanceGroupType_ConditionBasedMaintenance_IntrinsicMaintainability,6598,Variable
MaintenanceGroupType_ConditionBasedMaintenance_IntrinsicReliability,6599,Variable
MaintenanceGroupType_ConditionBasedMaintenance_Maintainability,6600,Variable
MaintenanceGroupType_ConditionBasedMaintenance_ProductionBasedAvailability,6601,Variable
MaintenanceGroupType_ConditionBasedMaintenance_Reliability,6602,Variable
MaintenanceGroupType_ConditionBasedMaintenance_TimeBasedAvailability,6603,Variable
MaintenanceGroupType_ConditionBasedMaintenance_Availability_Definition,6604,Variable
MaintenanceGroupType_ConditionBasedMaintenance_Availability_EURange,6605,Variable
MaintenanceGroupType_ConditionBasedMaintenance_Availability_EngineeringUnits,6606,Variable
MaintenanceGroupType_ConditionBasedMaintenance_Durability_Definition,6607,Variable
MaintenanceGroupType_ConditionBasedMaintenance_Durability_EURange,6608,Variable
MaintenanceGroupType_ConditionBasedMaintenance_Durability_EngineeringUnits,6609,Variable
MaintenanceGroupType_ConditionBasedMaintenance_ExpectedReliability_Definition,6610,Variable
MaintenanceGroupType_ConditionBasedMaintenance_ExpectedReliability_EURange,6611,Variable
MaintenanceGroupType_ConditionBasedMaintenance_ExpectedReliability_EngineeringUnits,6612,Variable
MaintenanceGroupType_ConditionBasedMaintenance_InstantaneousAvailability_Definition,6613,Variable
MaintenanceGroupType_ConditionBasedMaintenance_InstantaneousAvailability_EURange,6614,Variable
MaintenanceGroupType_ConditionBasedMaintenance_InstantaneousAvailability_EngineeringUnits,6615,Variable
MaintenanceGroupType_ConditionBasedMaintenance_IntrinsicMaintainability_Definition,6616,Variable
MaintenanceGroupType_ConditionBasedMaintenance_IntrinsicMaintainability_EURange,6617,Variable
MaintenanceGroupType_ConditionBasedMaintenance_IntrinsicMaintainability_EngineeringUnits,6618,Variable
MaintenanceGroupType_ConditionBasedMaintenance_IntrinsicReliability_Definition,6619,Variable
MaintenanceGroupType_ConditionBasedMaintenance_IntrinsicReliability_EURange,6620,Variable
MaintenanceGroupType_ConditionBasedMaintenance_IntrinsicReliability_EngineeringUnits,6621,Variable
MaintenanceGroupType_ConditionBasedMaintenance_Maintainability_Definition,6622,Variable
MaintenanceGroupType_ConditionBasedMaintenance_Maintainability_EURange,6623,Variable
MaintenanceGroupType_ConditionBasedMaintenance_Maintainability_EngineeringUnits,6624,Variable
MaintenanceGroupType_ConditionBasedMaintenance_ProductionBasedAvailability_Definition,6625,Variable
MaintenanceGroupType_ConditionBasedMaintenance_ProductionBasedAvailability_EURange,6626,Variable
MaintenanceGroupType_ConditionBasedMaintenance_ProductionBasedAvailability_EngineeringUnits,6627,Variable
MaintenanceGroupType_ConditionBasedMaintenance_Reliability_Definition,6628,Variable
MaintenanceGroupType_ConditionBasedMaintenance_Reliability_EURange,6629,Variable
MaintenanceGroupType_ConditionBasedMaintenance_Reliability_EngineeringUnits,6630,Variable
MaintenanceGroupType_ConditionBasedMaintenance_TimeBasedAvailability_Definition,6631,Variable
MaintenanceGroupType_ConditionBasedMaintenance_TimeBasedAvailability_EURange,6632,Variable
MaintenanceGroupType_ConditionBasedMaintenance_TimeBasedAvailability_EngineeringUnits,6633,Variable
MaintenanceGroupType_GeneralMaintenance_ActiveMaintenanceTime,6634,Variable
MaintenanceGroupType_GeneralMaintenance_FailureRate,6635,Variable
MaintenanceGroupType_GeneralMaintenance_MaintenanceLevel,6636,Variable
MaintenanceGroupType_GeneralMaintenance_MaintenanceTime,6637,Variable
MaintenanceGroupType_GeneralMaintenance_MeanOperatingTimeBetweenFailures,6638,Variable
MaintenanceGroupType_GeneralMaintenance_MeanRepairTime,6639,Variable
MaintenanceGroupType_GeneralMaintenance_MeanTimeToRestauration,6640,Variable
MaintenanceGroupType_GeneralMaintenance_Obsolescence,6641,Variable
MaintenanceGroupType_GeneralMaintenance_Obsolescence_FalseState,6642,Variable
MaintenanceGroupType_GeneralMaintenance_Obsolescence_TrueState,6643,Variable
MaintenanceGroupType_GeneralMaintenance_OperatingTimeBetweenFailures,6644,Variable
MaintenanceGroupType_GeneralMaintenance_OperatingTimeToFailure,6645,Variable
MaintenanceGroupType_GeneralMaintenance_RepairTime,6646,Variable
MaintenanceGroupType_GeneralMaintenance_StateOfTheItem,6647,Variable
MaintenanceGroupType_GeneralMaintenance_TimeBetweenFailures,6648,Variable
MaintenanceGroupType_GeneralMaintenance_TimeToRestoration,6649,Variable
MaintenanceGroupType_GeneralMaintenance_ActiveMaintenanceTime_Definition,6650,Variable
MaintenanceGroupType_GeneralMaintenance_ActiveMaintenanceTime_EURange,6651,Variable
MaintenanceGroupType_GeneralMaintenance_ActiveMaintenanceTime_EngineeringUnits,6652,Variable
MaintenanceGroupType_GeneralMaintenance_FailureRate_Definition,6653,Variable
MaintenanceGroupType_GeneralMaintenance_FailureRate_EURange,6654,Variable
MaintenanceGroupType_GeneralMaintenance_FailureRate_EngineeringUnits,6655,Variable
MaintenanceGroupType_GeneralMaintenance_MaintenanceLevel_Definition,6656,Variable
MaintenanceGroupType_GeneralMaintenance_MaintenanceTime_Definition,6657,Variable
MaintenanceGroupType_GeneralMaintenance_MaintenanceTime_EURange,6658,Variable
MaintenanceGroupType_GeneralMaintenance_MaintenanceTime_EngineeringUnits,6659,Variable
MaintenanceGroupType_GeneralMaintenance_MeanOperatingTimeBetweenFailures_Definition,6660,Variable
MaintenanceGroupType_GeneralMaintenance_MeanOperatingTimeBetweenFailures_EURange,6661,Variable
MaintenanceGroupType_GeneralMaintenance_MeanOperatingTimeBetweenFailures_EngineeringUnits,6662,Variable
MaintenanceGroupType_GeneralMaintenance_MeanRepairTime_Definition,6663,Variable
MaintenanceGroupType_GeneralMaintenance_MeanRepairTime_EURange,6664,Variable
MaintenanceGroupType_GeneralMaintenance_MeanRepairTime_EngineeringUnits,6665,Variable
MaintenanceGroupType_GeneralMaintenance_MeanTimeToRestauration_Definition,6666,Variable
MaintenanceGroupType_GeneralMaintenance_MeanTimeToRestauration_EURange,6667,Variable
MaintenanceGroupType_GeneralMaintenance_MeanTimeToRestauration_EngineeringUnits,6668,Variable
MaintenanceGroupType_GeneralMaintenance_Obsolescence_Definition,6669,Variable
MaintenanceGroupType_GeneralMaintenance_OperatingTimeBetweenFailures_Definition,6670,Variable
MaintenanceGroupType_GeneralMaintenance_OperatingTimeBetweenFailures_EURange,6671,Variable
MaintenanceGroupType_GeneralMaintenance_OperatingTimeBetweenFailures_EngineeringUnits,6672,Variable
MaintenanceGroupType_GeneralMaintenance_OperatingTimeToFailure_Definition,6673,Variable
MaintenanceGroupType_GeneralMaintenance_OperatingTimeToFailure_EURange,6674,Variable
MaintenanceGroupType_GeneralMaintenance_OperatingTimeToFailure_EngineeringUnits,6675,Variable
MaintenanceGroupType_GeneralMaintenance_RepairTime_Definition,6676,Variable
MaintenanceGroupType_GeneralMaintenance_RepairTime_EURange,6677,Variable
MaintenanceGroupType_GeneralMaintenance_RepairTime_EngineeringUnits,6678,Variable
MaintenanceGroupType_GeneralMaintenance_StateOfTheItem_Definition,6679,Variable
MaintenanceGroupType_GeneralMaintenance_TimeBetweenFailures_Definition,6680,Variable
MaintenanceGroupType_GeneralMaintenance_TimeBetweenFailures_EURange,6681,Variable
MaintenanceGroupType_GeneralMaintenance_TimeBetweenFailures_EngineeringUnits,6682,Variable
MaintenanceGroupType_GeneralMaintenance_TimeToRestoration_Definition,6683,Variable
MaintenanceGroupType_GeneralMaintenance_TimeToRestoration_EURange,6684,Variable
MaintenanceGroupType_GeneralMaintenance_TimeToRestoration_EngineeringUnits,6685,Variable
MaintenanceGroupType_PreventiveMaintenance_ActivePreventiveMaintenanceTime,6686,Variable
MaintenanceGroupType_PreventiveMaintenance_InstallationDate,6687,Variable
MaintenanceGroupType_PreventiveMaintenance_LastInspectionDate,6688,Variable
MaintenanceGroupType_PreventiveMaintenance_LastServicingDate,6689,Variable
MaintenanceGroupType_PreventiveMaintenance_NextInspectionDate,6690,Variable
MaintenanceGroupType_PreventiveMaintenance_NextServicingDate,6691,Variable
MaintenanceGroupType_PreventiveMaintenance_PreventiveMaintenanceTime,6692,Variable
MaintenanceGroupType_PreventiveMaintenance_ActivePreventiveMaintenanceTime_Definition,6693,Variable
MaintenanceGroupType_PreventiveMaintenance_ActivePreventiveMaintenanceTime_EURange,6694,Variable
MaintenanceGroupType_PreventiveMaintenance_ActivePreventiveMaintenanceTime_EngineeringUnits,6695,Variable
MaintenanceGroupType_PreventiveMaintenance_InstallationDate_Definition,6696,Variable
MaintenanceGroupType_PreventiveMaintenance_LastInspectionDate_Definition,6697,Variable
MaintenanceGroupType_PreventiveMaintenance_LastServicingDate_Definition,6698,Variable
MaintenanceGroupType_PreventiveMaintenance_NextInspectionDate_Definition,6699,Variable
MaintenanceGroupType_PreventiveMaintenance_NextServicingDate_Definition,6700,Variable
MaintenanceGroupType_PreventiveMaintenance_PreventiveMaintenanceTime_Definition,6701,Variable
MaintenanceGroupType_PreventiveMaintenance_PreventiveMaintenanceTime_EURange,6702,Variable
MaintenanceGroupType_PreventiveMaintenance_PreventiveMaintenanceTime_EngineeringUnits,6703,Variable
SupervisionMechanicsType_AxialBearingAbrasion,6704,Variable
SupervisionMechanicsType_AxialBearingAbrasion_FalseState,6705,Variable
SupervisionMechanicsType_AxialBearingAbrasion_TrueState,6706,Variable
SupervisionMechanicsType_AxialBearingFault,6707,Variable
SupervisionMechanicsType_AxialBearingFault_FalseState,6708,Variable
SupervisionMechanicsType_AxialBearingFault_TrueState,6709,Variable
SupervisionMechanicsType_AxialBearingOverheat,6710,Variable
SupervisionMechanicsType_AxialBearingOverheat_FalseState,6711,Variable
SupervisionMechanicsType_AxialBearingOverheat_TrueState,6712,Variable
SupervisionMechanicsType_BearingFault,6713,Variable
SupervisionMechanicsType_BearingFault_FalseState,6714,Variable
SupervisionMechanicsType_BearingFault_TrueState,6715,Variable
SupervisionMechanicsType_BrakeChopper,6716,Variable
SupervisionMechanicsType_BrakeChopper_FalseState,6717,Variable
SupervisionMechanicsType_BrakeChopper_TrueState,6718,Variable
SupervisionMechanicsType_BrakeOverheat,6719,Variable
SupervisionMechanicsType_BrakeOverheat_FalseState,6720,Variable
SupervisionMechanicsType_BrakeOverheat_TrueState,6721,Variable
SupervisionMechanicsType_ExcessVibration,6722,Variable
SupervisionMechanicsType_ExcessVibration_FalseState,6723,Variable
SupervisionMechanicsType_ExcessVibration_TrueState,6724,Variable
SupervisionMechanicsType_GapWear,6725,Variable
SupervisionMechanicsType_GapWear_FalseState,6726,Variable
SupervisionMechanicsType_GapWear_TrueState,6727,Variable
SupervisionMechanicsType_MechanicalFault,6728,Variable
SupervisionMechanicsType_MechanicalFault_FalseState,6729,Variable
SupervisionMechanicsType_MechanicalFault_TrueState,6730,Variable
SupervisionMechanicsType_Misalignment,6731,Variable
SupervisionMechanicsType_Misalignment_FalseState,6732,Variable
SupervisionMechanicsType_Misalignment_TrueState,6733,Variable
SupervisionMechanicsType_RadialBearingAbrasion,6734,Variable
SupervisionMechanicsType_RadialBearingAbrasion_FalseState,6735,Variable
SupervisionMechanicsType_RadialBearingAbrasion_TrueState,6736,Variable
SupervisionMechanicsType_RadialBearingFault,6737,Variable
SupervisionMechanicsType_RadialBearingFault_FalseState,6738,Variable
SupervisionMechanicsType_RadialBearingFault_TrueState,6739,Variable
SupervisionMechanicsType_RadialBearingOverheat,6740,Variable
SupervisionMechanicsType_RadialBearingOverheat_FalseState,6741,Variable
SupervisionMechanicsType_RadialBearingOverheat_TrueState,6742,Variable
SupervisionMechanicsType_RotorBlocked,6743,Variable
SupervisionMechanicsType_RotorBlocked_FalseState,6744,Variable
SupervisionMechanicsType_RotorBlocked_TrueState,6745,Variable
SupervisionMechanicsType_RotorStationRubbing,6746,Variable
SupervisionMechanicsType_RotorStationRubbing_FalseState,6747,Variable
SupervisionMechanicsType_RotorStationRubbing_TrueState,6748,Variable
SupervisionMechanicsType_Unbalance,6749,Variable
SupervisionMechanicsType_Unbalance_FalseState,6750,Variable
SupervisionMechanicsType_Unbalance_TrueState,6751,Variable
SupervisionHardwareType_Communication,6752,Variable
SupervisionHardwareType_Communication_FalseState,6753,Variable
SupervisionHardwareType_Communication_TrueState,6754,Variable
SupervisionHardwareType_ComputingCircuit,6755,Variable
SupervisionHardwareType_ComputingCircuit_FalseState,6756,Variable
SupervisionHardwareType_ComputingCircuit_TrueState,6757,Variable
SupervisionHardwareType_ControlCircuit,6758,Variable
SupervisionHardwareType_ControlCircuit_FalseState,6759,Variable
SupervisionHardwareType_ControlCircuit_TrueState,6760,Variable
SupervisionHardwareType_DCLinkSupply,6761,Variable
SupervisionHardwareType_DCLinkSupply_FalseState,6762,Variable
SupervisionHardwareType_DCLinkSupply_TrueState,6763,Variable
SupervisionHardwareType_Eprom,6764,Variable
SupervisionHardwareType_Eprom_FalseState,6765,Variable
SupervisionHardwareType_Eprom_TrueState,6766,Variable
SupervisionHardwareType_HardwareFault,6767,Variable
SupervisionHardwareType_HardwareFault_FalseState,6768,Variable
SupervisionHardwareType_HardwareFault_TrueState,6769,Variable
SupervisionHardwareType_IONA,6770,Variable
SupervisionHardwareType_IONA_FalseState,6771,Variable
SupervisionHardwareType_IONA_TrueState,6772,Variable
SupervisionHardwareType_MeasureCircuit,6773,Variable
SupervisionHardwareType_MeasureCircuit_FalseState,6774,Variable
SupervisionHardwareType_MeasureCircuit_TrueState,6775,Variable
SupervisionHardwareType_NetworkNA,6776,Variable
SupervisionHardwareType_NetworkNA_FalseState,6777,Variable
SupervisionHardwareType_NetworkNA_TrueState,6778,Variable
SupervisionHardwareType_PowerSupply,6779,Variable
SupervisionHardwareType_PowerSupply_FalseState,6780,Variable
SupervisionHardwareType_PowerSupply_TrueState,6781,Variable
SupervisionHardwareType_Ram,6782,Variable
SupervisionHardwareType_Ram_FalseState,6783,Variable
SupervisionHardwareType_Ram_TrueState,6784,Variable
SupervisionHardwareType_MicroProcessor,6785,Variable
SupervisionHardwareType_MicroProcessor_FalseState,6786,Variable
SupervisionHardwareType_MicroProcessor_TrueState,6787,Variable
SupervisionSoftwareType_Application,6788,Variable
SupervisionSoftwareType_Application_FalseState,6789,Variable
SupervisionSoftwareType_Application_TrueState,6790,Variable
SupervisionSoftwareType_Communication,6791,Variable
SupervisionSoftwareType_Communication_FalseState,6792,Variable
SupervisionSoftwareType_Communication_TrueState,6793,Variable
SupervisionSoftwareType_Control,6794,Variable
SupervisionSoftwareType_Control_FalseState,6795,Variable
SupervisionSoftwareType_Control_TrueState,6796,Variable
SupervisionSoftwareType_Memory,6797,Variable
SupervisionSoftwareType_Memory_FalseState,6798,Variable
SupervisionSoftwareType_Memory_TrueState,6799,Variable
SupervisionSoftwareType_OS,6800,Variable
SupervisionSoftwareType_OS_FalseState,6801,Variable
SupervisionSoftwareType_OS_TrueState,6802,Variable
SupervisionSoftwareType_Parameter,6803,Variable
SupervisionSoftwareType_Parameter_FalseState,6804,Variable
SupervisionSoftwareType_Parameter_TrueState,6805,Variable
SupervisionSoftwareType_SoftwareFault,6806,Variable
SupervisionSoftwareType_SoftwareFault_FalseState,6807,Variable
SupervisionSoftwareType_SoftwareFault_TrueState,6808,Variable
SupervisionSoftwareType_SoftwareReset,6809,Variable
SupervisionSoftwareType_SoftwareReset_FalseState,6810,Variable
SupervisionSoftwareType_SoftwareReset_TrueState,6811,Variable
SupervisionProcessFluidType_Blockage,6812,Variable
SupervisionProcessFluidType_Blockage_FalseState,6813,Variable
SupervisionProcessFluidType_Blockage_TrueState,6814,Variable
SupervisionProcessFluidType_Cavitation,6815,Variable
SupervisionProcessFluidType_Cavitation_FalseState,6816,Variable
SupervisionProcessFluidType_Cavitation_TrueState,6817,Variable
SupervisionProcessFluidType_Condensation,6818,Variable
SupervisionProcessFluidType_Condensation_FalseState,6819,Variable
SupervisionProcessFluidType_Condensation_TrueState,6820,Variable
SupervisionProcessFluidType_Dry,6821,Variable
SupervisionProcessFluidType_Dry_FalseState,6822,Variable
SupervisionProcessFluidType_Dry_TrueState,6823,Variable
SupervisionProcessFluidType_Flow,6824,Variable
SupervisionProcessFluidType_Flow_FalseState,6825,Variable
SupervisionProcessFluidType_Flow_TrueState,6826,Variable
SupervisionProcessFluidType_Gas,6827,Variable
SupervisionProcessFluidType_Gas_FalseState,6828,Variable
SupervisionProcessFluidType_Gas_TrueState,6829,Variable
SupervisionProcessFluidType_Liquid,6830,Variable
SupervisionProcessFluidType_Liquid_FalseState,6831,Variable
SupervisionProcessFluidType_Liquid_TrueState,6832,Variable
SupervisionProcessFluidType_Pressure,6833,Variable
SupervisionProcessFluidType_Pressure_FalseState,6834,Variable
SupervisionProcessFluidType_Pressure_TrueState,6835,Variable
SupervisionProcessFluidType_ProcessFault,6836,Variable
SupervisionProcessFluidType_ProcessFault_FalseState,6837,Variable
SupervisionProcessFluidType_ProcessFault_TrueState,6838,Variable
SupervisionProcessFluidType_Solid,6839,Variable
SupervisionProcessFluidType_Solid_FalseState,6840,Variable
SupervisionProcessFluidType_Solid_TrueState,6841,Variable
SupervisionProcessFluidType_Stall,6842,Variable
SupervisionProcessFluidType_Stall_FalseState,6843,Variable
SupervisionProcessFluidType_Stall_TrueState,6844,Variable
SupervisionProcessFluidType_Temperature,6845,Variable
SupervisionProcessFluidType_Temperature_FalseState,6846,Variable
SupervisionProcessFluidType_Temperature_TrueState,6847,Variable
SupervisionProcessFluidType_Viscosity,6848,Variable
SupervisionProcessFluidType_Viscosity_FalseState,6849,Variable
SupervisionProcessFluidType_Viscosity_TrueState,6850,Variable
SupervisionPumpOperationType_AccessoryLiquidFlow,6851,Variable
SupervisionPumpOperationType_AccessoryLiquidFlow_FalseState,6852,Variable
SupervisionPumpOperationType_AccessoryLiquidFlow_TrueState,6853,Variable
SupervisionPumpOperationType_AccessoryLiquidHigh,6854,Variable
SupervisionPumpOperationType_AccessoryLiquidHigh_FalseState,6855,Variable
SupervisionPumpOperationType_AccessoryLiquidHigh_TrueState,6856,Variable
SupervisionPumpOperationType_AccessoryLiquidLow,6857,Variable
SupervisionPumpOperationType_AccessoryLiquidLow_FalseState,6858,Variable
SupervisionPumpOperationType_AccessoryLiquidLow_TrueState,6859,Variable
SupervisionPumpOperationType_AccessoryLiquidOverheat,6860,Variable
SupervisionPumpOperationType_AccessoryLiquidOverheat_FalseState,6861,Variable
SupervisionPumpOperationType_AccessoryLiquidOverheat_TrueState,6862,Variable
SupervisionPumpOperationType_AccessoryLiquidPressure,6863,Variable
SupervisionPumpOperationType_AccessoryLiquidPressure_FalseState,6864,Variable
SupervisionPumpOperationType_AccessoryLiquidPressure_TrueState,6865,Variable
SupervisionPumpOperationType_AmbientTemperature,6866,Variable
SupervisionPumpOperationType_AmbientTemperature_FalseState,6867,Variable
SupervisionPumpOperationType_AmbientTemperature_TrueState,6868,Variable
SupervisionPumpOperationType_CaseOverheat,6869,Variable
SupervisionPumpOperationType_CaseOverheat_FalseState,6870,Variable
SupervisionPumpOperationType_CaseOverheat_TrueState,6871,Variable
SupervisionPumpOperationType_ControllerOverheat,6872,Variable
SupervisionPumpOperationType_ControllerOverheat_FalseState,6873,Variable
SupervisionPumpOperationType_ControllerOverheat_TrueState,6874,Variable
SupervisionPumpOperationType_CoolantFlow,6875,Variable
SupervisionPumpOperationType_CoolantFlow_FalseState,6876,Variable
SupervisionPumpOperationType_CoolantFlow_TrueState,6877,Variable
SupervisionPumpOperationType_CoolantHigh,6878,Variable
SupervisionPumpOperationType_CoolantHigh_FalseState,6879,Variable
SupervisionPumpOperationType_CoolantHigh_TrueState,6880,Variable
SupervisionPumpOperationType_CoolantLow,6881,Variable
SupervisionPumpOperationType_CoolantLow_FalseState,6882,Variable
SupervisionPumpOperationType_CoolantLow_TrueState,6883,Variable
SupervisionPumpOperationType_CoolantOverheat,6884,Variable
SupervisionPumpOperationType_CoolantOverheat_FalseState,6885,Variable
SupervisionPumpOperationType_CoolantOverheat_TrueState,6886,Variable
SupervisionPumpOperationType_Deceleration,6887,Variable
SupervisionPumpOperationType_Deceleration_FalseState,6888,Variable
SupervisionPumpOperationType_Deceleration_TrueState,6889,Variable
SupervisionPumpOperationType_DirtyImpeller,6890,Variable
SupervisionPumpOperationType_DirtyImpeller_FalseState,6891,Variable
SupervisionPumpOperationType_DirtyImpeller_TrueState,6892,Variable
SupervisionPumpOperationType_DriveOverheat,6893,Variable
SupervisionPumpOperationType_DriveOverheat_FalseState,6894,Variable
SupervisionPumpOperationType_DriveOverheat_TrueState,6895,Variable
SupervisionPumpOperationType_GeneratorOperation,6896,Variable
SupervisionPumpOperationType_GeneratorOperation_FalseState,6897,Variable
SupervisionPumpOperationType_GeneratorOperation_TrueState,6898,Variable
SupervisionPumpOperationType_Leakage,6899,Variable
SupervisionPumpOperationType_Leakage_FalseState,6900,Variable
SupervisionPumpOperationType_Leakage_TrueState,6901,Variable
SupervisionPumpOperationType_Lubricant,6902,Variable
SupervisionPumpOperationType_Lubricant_FalseState,6903,Variable
SupervisionPumpOperationType_Lubricant_TrueState,6904,Variable
SupervisionPumpOperationType_MaximumNumberStarts,6905,Variable
SupervisionPumpOperationType_MaximumNumberStarts_FalseState,6906,Variable
SupervisionPumpOperationType_MaximumNumberStarts_TrueState,6907,Variable
SupervisionPumpOperationType_MaximumOperationTime,6908,Variable
SupervisionPumpOperationType_MaximumOperationTime_FalseState,6909,Variable
SupervisionPumpOperationType_MaximumOperationTime_TrueState,6910,Variable
SupervisionPumpOperationType_MaximumStartsAtTime,6911,Variable
SupervisionPumpOperationType_MaximumStartsAtTime_FalseState,6912,Variable
SupervisionPumpOperationType_MaximumStartsAtTime_TrueState,6913,Variable
SupervisionPumpOperationType_MotorHumidity,6914,Variable
SupervisionPumpOperationType_MotorHumidity_FalseState,6915,Variable
SupervisionPumpOperationType_MotorHumidity_TrueState,6916,Variable
SupervisionPumpOperationType_MotorOverheat,6917,Variable
SupervisionPumpOperationType_MotorOverheat_FalseState,6918,Variable
SupervisionPumpOperationType_MotorOverheat_TrueState,6919,Variable
SupervisionPumpOperationType_OperationFault,6920,Variable
SupervisionPumpOperationType_OperationFault_FalseState,6921,Variable
SupervisionPumpOperationType_OperationFault_TrueState,6922,Variable
SupervisionPumpOperationType_OverLoad,6923,Variable
SupervisionPumpOperationType_OverLoad_FalseState,6924,Variable
SupervisionPumpOperationType_OverLoad_TrueState,6925,Variable
SupervisionPumpOperationType_OverSpeed,6926,Variable
SupervisionPumpOperationType_OverSpeed_FalseState,6927,Variable
SupervisionPumpOperationType_OverSpeed_TrueState,6928,Variable
SupervisionPumpOperationType_PartialLoad,6929,Variable
SupervisionPumpOperationType_PartialLoad_FalseState,6930,Variable
SupervisionPumpOperationType_PartialLoad_TrueState,6931,Variable
SupervisionPumpOperationType_Synchronisation,6932,Variable
SupervisionPumpOperationType_Synchronisation_FalseState,6933,Variable
SupervisionPumpOperationType_Synchronisation_TrueState,6934,Variable
SupervisionPumpOperationType_TemperatureFault,6935,Variable
SupervisionPumpOperationType_TemperatureFault_FalseState,6936,Variable
SupervisionPumpOperationType_TemperatureFault_TrueState,6937,Variable
SupervisionPumpOperationType_TimeOut,6938,Variable
SupervisionPumpOperationType_TimeOut_FalseState,6939,Variable
SupervisionPumpOperationType_TimeOut_TrueState,6940,Variable
SupervisionPumpOperationType_TMSFailure,6941,Variable
SupervisionPumpOperationType_TMSFailure_FalseState,6942,Variable
SupervisionPumpOperationType_TMSFailure_TrueState,6943,Variable
SupervisionPumpOperationType_TorqueLimit,6944,Variable
SupervisionPumpOperationType_TorqueLimit_FalseState,6945,Variable
SupervisionPumpOperationType_TorqueLimit_TrueState,6946,Variable
SupervisionPumpOperationType_TurbineOperation,6947,Variable
SupervisionPumpOperationType_TurbineOperation_FalseState,6948,Variable
SupervisionPumpOperationType_TurbineOperation_TrueState,6949,Variable
SupervisionPumpOperationType_UnderSpeed,6950,Variable
SupervisionPumpOperationType_UnderSpeed_FalseState,6951,Variable
SupervisionPumpOperationType_UnderSpeed_TrueState,6952,Variable
SupervisionPumpOperationType_VelocityLimit,6953,Variable
SupervisionPumpOperationType_VelocityLimit_FalseState,6954,Variable
SupervisionPumpOperationType_VelocityLimit_TrueState,6955,Variable
SupervisionPumpOperationType_WearReserveExhausted,6956,Variable
SupervisionPumpOperationType_WearReserveExhausted_FalseState,6957,Variable
SupervisionPumpOperationType_WearReserveExhausted_TrueState,6958,Variable
SupervisionPumpOperationType_AccessoryLiquidFlow_Definition,6959,Variable
SupervisionAuxiliaryDeviceType_ActuatorElement,6960,Variable
SupervisionAuxiliaryDeviceType_ActuatorElement_FalseState,6961,Variable
SupervisionAuxiliaryDeviceType_ActuatorElement_TrueState,6962,Variable
SupervisionAuxiliaryDeviceType_AmbientTemperature,6963,Variable
SupervisionAuxiliaryDeviceType_AmbientTemperature_FalseState,6964,Variable
SupervisionAuxiliaryDeviceType_AmbientTemperature_TrueState,6965,Variable
SupervisionAuxiliaryDeviceType_AuxiliaryDeviceFault,6966,Variable
SupervisionAuxiliaryDeviceType_AuxiliaryDeviceFault_FalseState,6967,Variable
SupervisionAuxiliaryDeviceType_AuxiliaryDeviceFault_TrueState,6968,Variable
SupervisionAuxiliaryDeviceType_AuxiliaryMediumAbsence,6969,Variable
SupervisionAuxiliaryDeviceType_AuxiliaryMediumAbsence_FalseState,6970,Variable
SupervisionAuxiliaryDeviceType_AuxiliaryMediumAbsence_TrueState,6971,Variable
SupervisionAuxiliaryDeviceType_AuxiliaryMediumInsufficiency,6972,Variable
SupervisionAuxiliaryDeviceType_AuxiliaryMediumInsufficiency_FalseState,6973,Variable
SupervisionAuxiliaryDeviceType_AuxiliaryMediumInsufficiency_TrueState,6974,Variable
SupervisionAuxiliaryDeviceType_AuxiliaryPowerPole,6975,Variable
SupervisionAuxiliaryDeviceType_AuxiliaryPowerPole_FalseState,6976,Variable
SupervisionAuxiliaryDeviceType_AuxiliaryPowerPole_TrueState,6977,Variable
SupervisionAuxiliaryDeviceType_AuxiliaryPowerRange,6978,Variable
SupervisionAuxiliaryDeviceType_AuxiliaryPowerRange_FalseState,6979,Variable
SupervisionAuxiliaryDeviceType_AuxiliaryPowerRange_TrueState,6980,Variable
SupervisionAuxiliaryDeviceType_CommunicationError,6981,Variable
SupervisionAuxiliaryDeviceType_CommunicationError_FalseState,6982,Variable
SupervisionAuxiliaryDeviceType_CommunicationError_TrueState,6983,Variable
SupervisionAuxiliaryDeviceType_Corrosion,6984,Variable
SupervisionAuxiliaryDeviceType_Corrosion_FalseState,6985,Variable
SupervisionAuxiliaryDeviceType_Corrosion_TrueState,6986,Variable
SupervisionAuxiliaryDeviceType_Deviation,6987,Variable
SupervisionAuxiliaryDeviceType_Deviation_FalseState,6988,Variable
SupervisionAuxiliaryDeviceType_Deviation_TrueState,6989,Variable
SupervisionAuxiliaryDeviceType_ElectromagneticInterference,6990,Variable
SupervisionAuxiliaryDeviceType_ElectromagneticInterference_FalseState,6991,Variable
SupervisionAuxiliaryDeviceType_ElectromagneticInterference_TrueState,6992,Variable
SupervisionAuxiliaryDeviceType_ElectronicFault,6993,Variable
SupervisionAuxiliaryDeviceType_ElectronicFault_FalseState,6994,Variable
SupervisionAuxiliaryDeviceType_ElectronicFault_TrueState,6995,Variable
SupervisionAuxiliaryDeviceType_EnergySupply,6996,Variable
SupervisionAuxiliaryDeviceType_EnergySupply_FalseState,6997,Variable
SupervisionAuxiliaryDeviceType_EnergySupply_TrueState,6998,Variable
SupervisionAuxiliaryDeviceType_EvaluationElectronics,6999,Variable
SupervisionAuxiliaryDeviceType_EvaluationElectronics_FalseState,7000,Variable
MarkingsType_Marking_Placeholder_Close,7001,Method
MarkingsType_Marking_Placeholder_GetPosition,7002,Method
MarkingsType_Marking_Placeholder_Open,7003,Method
MarkingsType_Marking_Placeholder_Read,7004,Method
MarkingsType_Marking_Placeholder_SetPosition,7005,Method
MarkingsType_Marking_Placeholder_Write,7006,Method
SupervisionType_SupervisionAuxiliaryDevice_AuxiliaryPowerPole_TrueState,7007,Variable
SupervisionType_SupervisionAuxiliaryDevice_AuxiliaryPowerRange,7008,Variable
SupervisionType_SupervisionAuxiliaryDevice_AuxiliaryPowerRange_FalseState,7009,Variable
SupervisionType_SupervisionAuxiliaryDevice_AuxiliaryPowerRange_TrueState,7010,Variable
SupervisionType_SupervisionAuxiliaryDevice_CommunicationError,7011,Variable
SupervisionType_SupervisionAuxiliaryDevice_CommunicationError_FalseState,7012,Variable
PumpIdentificationType_Markings_Marking_Placeholder_Close,7013,Method
PumpIdentificationType_Markings_Marking_Placeholder_GetPosition,7014,Method
PumpIdentificationType_Markings_Marking_Placeholder_Open,7015,Method
PumpIdentificationType_Markings_Marking_Placeholder_Read,7016,Method
PumpIdentificationType_Markings_Marking_Placeholder_SetPosition,7017,Method
PumpIdentificationType_Markings_Marking_Placeholder_Write,7018,Method
DocumentationType_Arrangements_Close,7019,Method
DocumentationType_Arrangements_GetPosition,7020,Method
DocumentationType_Arrangements_Open,7021,Method
DocumentationType_Arrangements_Read,7022,Method
DocumentationType_Arrangements_SetPosition,7023,Method
DocumentationType_Arrangements_Write,7024,Method
DocumentationType_Certificates_Close,7025,Method
DocumentationType_Certificates_GetPosition,7026,Method
DocumentationType_Certificates_Open,7027,Method
DocumentationType_Certificates_Read,7028,Method
DocumentationType_Certificates_SetPosition,7029,Method
DocumentationType_Certificates_Write,7030,Method
DocumentationType_CircuitDiagram_Close,7031,Method
DocumentationType_CircuitDiagram_GetPosition,7032,Method
DocumentationType_CircuitDiagram_Open,7033,Method
DocumentationType_CircuitDiagram_Read,7034,Method
DocumentationType_CircuitDiagram_SetPosition,7035,Method
DocumentationType_CircuitDiagram_Write,7036,Method
DocumentationType_ComponentsList_Close,7037,Method
DocumentationType_ComponentsList_GetPosition,7038,Method
DocumentationType_ComponentsList_Open,7039,Method
DocumentationType_ComponentsList_Read,7040,Method
DocumentationType_ComponentsList_SetPosition,7041,Method
DocumentationType_ComponentsList_Write,7042,Method
DocumentationType_Detail_Close,7043,Method
DocumentationType_Detail_GetPosition,7044,Method
DocumentationType_Detail_Open,7045,Method
DocumentationType_Detail_Read,7046,Method
DocumentationType_Detail_SetPosition,7047,Method
DocumentationType_Detail_Write,7048,Method
DocumentationType_Layout_Close,7049,Method
DocumentationType_Layout_GetPosition,7050,Method
DocumentationType_Layout_Open,7051,Method
DocumentationType_Layout_Read,7052,Method
DocumentationType_Layout_SetPosition,7053,Method
DocumentationType_Layout_Write,7054,Method
DocumentationType_Location_Close,7055,Method
DocumentationType_Location_GetPosition,7056,Method
DocumentationType_Location_Open,7057,Method
DocumentationType_Location_Read,7058,Method
DocumentationType_Location_SetPosition,7059,Method
DocumentationType_Location_Write,7060,Method
DocumentationType_LogicDiagram_Close,7061,Method
DocumentationType_LogicDiagram_GetPosition,7062,Method
DocumentationType_LogicDiagram_Open,7063,Method
DocumentationType_LogicDiagram_Read,7064,Method
DocumentationType_LogicDiagram_SetPosition,7065,Method
DocumentationType_LogicDiagram_Write,7066,Method
DocumentationType_LubricationMap_Close,7067,Method
DocumentationType_LubricationMap_GetPosition,7068,Method
DocumentationType_LubricationMap_Open,7069,Method
DocumentationType_LubricationMap_Read,7070,Method
DocumentationType_LubricationMap_SetPosition,7071,Method
DocumentationType_LubricationMap_Write,7072,Method
DocumentationType_MaintenanceManual_Close,7073,Method
DocumentationType_MaintenanceManual_GetPosition,7074,Method
DocumentationType_MaintenanceManual_Open,7075,Method
DocumentationType_MaintenanceManual_Read,7076,Method
DocumentationType_MaintenanceManual_SetPosition,7077,Method
DocumentationType_MaintenanceManual_Write,7078,Method
DocumentationType_OperationManual_Close,7079,Method
DocumentationType_OperationManual_GetPosition,7080,Method
DocumentationType_OperationManual_Open,7081,Method
DocumentationType_OperationManual_Read,7082,Method
DocumentationType_OperationManual_SetPosition,7083,Method
DocumentationType_OperationManual_Write,7084,Method
DocumentationType_PipeAndInstrumentDiagram_Close,7085,Method
DocumentationType_PipeAndInstrumentDiagram_GetPosition,7086,Method
DocumentationType_PipeAndInstrumentDiagram_Open,7087,Method
DocumentationType_PipeAndInstrumentDiagram_Read,7088,Method
DocumentationType_PipeAndInstrumentDiagram_SetPosition,7089,Method
DocumentationType_PipeAndInstrumentDiagram_Write,7090,Method
DocumentationType_SingleLineDiagram_Close,7091,Method
DocumentationType_SingleLineDiagram_GetPosition,7092,Method
DocumentationType_SingleLineDiagram_Open,7093,Method
DocumentationType_SingleLineDiagram_Read,7094,Method
DocumentationType_SingleLineDiagram_SetPosition,7095,Method
DocumentationType_SingleLineDiagram_Write,7096,Method
DocumentationType_TechnicalData_Close,7097,Method
DocumentationType_TechnicalData_GetPosition,7098,Method
DocumentationType_TechnicalData_Open,7099,Method
DocumentationType_TechnicalData_Read,7100,Method
DocumentationType_TechnicalData_SetPosition,7101,Method
DocumentationType_TechnicalData_Write,7102,Method
DocumentationType_TestProgramReport_Close,7103,Method
DocumentationType_TestProgramReport_GetPosition,7104,Method
DocumentationType_TestProgramReport_Open,7105,Method
DocumentationType_TestProgramReport_Read,7106,Method
DocumentationType_TestProgramReport_SetPosition,7107,Method
DocumentationType_TestProgramReport_Write,7108,Method
DocumentationType_UnitMaintenanceReport_Close,7109,Method
DocumentationType_UnitMaintenanceReport_GetPosition,7110,Method
DocumentationType_UnitMaintenanceReport_Open,7111,Method
DocumentationType_UnitMaintenanceReport_Read,7112,Method
DocumentationType_UnitMaintenanceReport_SetPosition,7113,Method
DocumentationType_UnitMaintenanceReport_Write,7114,Method
DocumentationType_DuringMaintenanceServicesRendered_Close,7115,Method
DocumentationType_DuringMaintenanceServicesRendered_GetPosition,7116,Method
DocumentationType_DuringMaintenanceServicesRendered_Open,7117,Method
DocumentationType_DuringMaintenanceServicesRendered_Read,7118,Method
DocumentationType_DuringMaintenanceServicesRendered_SetPosition,7119,Method
DocumentationType_DuringMaintenanceServicesRendered_Write,7120,Method
DocumentationType_PersonnelRecording_Close,7121,Method
DocumentationType_PersonnelRecording_GetPosition,7122,Method
DocumentationType_PersonnelRecording_Open,7123,Method
DocumentationType_PersonnelRecording_Read,7124,Method
DocumentationType_PersonnelRecording_SetPosition,7125,Method
DocumentationType_PersonnelRecording_Write,7126,Method
DocumentationType_Staff_Close,7127,Method
DocumentationType_Staff_GetPosition,7128,Method
DocumentationType_Staff_Open,7129,Method
DocumentationType_Staff_Read,7130,Method
DocumentationType_Staff_SetPosition,7131,Method
DocumentationType_Staff_Write,7132,Method
DocumentationType_ImplementationDescription_Close,7133,Method
DocumentationType_ImplementationDescription_GetPosition,7134,Method
DocumentationType_ImplementationDescription_Open,7135,Method
DocumentationType_ImplementationDescription_Read,7136,Method
DocumentationType_ImplementationDescription_SetPosition,7137,Method
DocumentationType_ImplementationDescription_Write,7138,Method
DocumentationType_ScopeOfWork_Close,7139,Method
DocumentationType_ScopeOfWork_GetPosition,7140,Method
DocumentationType_ScopeOfWork_Open,7141,Method
DocumentationType_ScopeOfWork_Read,7142,Method
DocumentationType_ScopeOfWork_SetPosition,7143,Method
DocumentationType_ScopeOfWork_Write,7144,Method
DocumentationType_SparePartReference_Close,7145,Method
DocumentationType_SparePartReference_GetPosition,7146,Method
DocumentationType_SparePartReference_Open,7147,Method
DocumentationType_SparePartReference_Read,7148,Method
DocumentationType_SparePartReference_SetPosition,7149,Method
DocumentationType_SparePartReference_Write,7150,Method
SupervisionAuxiliaryDeviceType_EvaluationElectronics_TrueState,7151,Variable
SupervisionAuxiliaryDeviceType_ExciterError,7152,Variable
SupervisionAuxiliaryDeviceType_ExciterError_FalseState,7153,Variable
SupervisionAuxiliaryDeviceType_ExciterError_TrueState,7154,Variable
SupervisionAuxiliaryDeviceType_Fouling,7155,Variable
SupervisionAuxiliaryDeviceType_Fouling_FalseState,7156,Variable
SupervisionAuxiliaryDeviceType_Fouling_TrueState,7157,Variable
SupervisionAuxiliaryDeviceType_HumidityElectronics,7158,Variable
SupervisionAuxiliaryDeviceType_HumidityElectronics_FalseState,7159,Variable
SupervisionAuxiliaryDeviceType_HumidityElectronics_TrueState,7160,Variable
SupervisionAuxiliaryDeviceType_Installation,7161,Variable
SupervisionAuxiliaryDeviceType_Installation_FalseState,7162,Variable
SupervisionAuxiliaryDeviceType_Installation_TrueState,7163,Variable
SupervisionAuxiliaryDeviceType_Interruption,7164,Variable
SupervisionAuxiliaryDeviceType_Interruption_FalseState,7165,Variable
SupervisionAuxiliaryDeviceType_Interruption_TrueState,7166,Variable
SupervisionAuxiliaryDeviceType_LineLength,7167,Variable
SupervisionAuxiliaryDeviceType_LineLength_FalseState,7168,Variable
SupervisionAuxiliaryDeviceType_LineLength_TrueState,7169,Variable
SupervisionAuxiliaryDeviceType_MaterialElectronics,7170,Variable
SupervisionAuxiliaryDeviceType_MaterialElectronics_FalseState,7171,Variable
SupervisionAuxiliaryDeviceType_MaterialElectronics_TrueState,7172,Variable
SupervisionAuxiliaryDeviceType_MeasuredMaterialElectronics,7173,Variable
SupervisionAuxiliaryDeviceType_MeasuredMaterialElectronics_FalseState,7174,Variable
SupervisionAuxiliaryDeviceType_MeasuredMaterialElectronics_TrueState,7175,Variable
SupervisionAuxiliaryDeviceType_MechanicalDamage,7176,Variable
SupervisionAuxiliaryDeviceType_MechanicalDamage_FalseState,7177,Variable
SupervisionAuxiliaryDeviceType_MechanicalDamage_TrueState,7178,Variable
SupervisionAuxiliaryDeviceType_OperatingConditions,7179,Variable
SupervisionAuxiliaryDeviceType_OperatingConditions_FalseState,7180,Variable
SupervisionAuxiliaryDeviceType_OperatingConditions_TrueState,7181,Variable
SupervisionAuxiliaryDeviceType_Other,7182,Variable
SupervisionAuxiliaryDeviceType_Other_FalseState,7183,Variable
SupervisionAuxiliaryDeviceType_Other_TrueState,7184,Variable
SupervisionAuxiliaryDeviceType_Overloading,7185,Variable
SupervisionAuxiliaryDeviceType_Overloading_FalseState,7186,Variable
SupervisionAuxiliaryDeviceType_Overloading_TrueState,7187,Variable
SupervisionAuxiliaryDeviceType_ParameterSetting,7188,Variable
SupervisionAuxiliaryDeviceType_ParameterSetting_FalseState,7189,Variable
SupervisionAuxiliaryDeviceType_ParameterSetting_TrueState,7190,Variable
SupervisionAuxiliaryDeviceType_Peripheral,7191,Variable
SupervisionAuxiliaryDeviceType_Peripheral_FalseState,7192,Variable
SupervisionAuxiliaryDeviceType_Peripheral_TrueState,7193,Variable
SupervisionAuxiliaryDeviceType_ProcessInfluence,7194,Variable
SupervisionAuxiliaryDeviceType_ProcessInfluence_FalseState,7195,Variable
SupervisionAuxiliaryDeviceType_ProcessInfluence_TrueState,7196,Variable
SupervisionAuxiliaryDeviceType_SensorElement,7197,Variable
SupervisionAuxiliaryDeviceType_SensorElement_FalseState,7198,Variable
SupervisionAuxiliaryDeviceType_SensorElement_TrueState,7199,Variable
SupervisionAuxiliaryDeviceType_StartUp,7200,Variable
SupervisionAuxiliaryDeviceType_StartUp_FalseState,7201,Variable
SupervisionAuxiliaryDeviceType_StartUp_TrueState,7202,Variable
SupervisionAuxiliaryDeviceType_TemperatureShock,7203,Variable
SupervisionAuxiliaryDeviceType_TemperatureShock_FalseState,7204,Variable
SupervisionAuxiliaryDeviceType_TemperatureShock_TrueState,7205,Variable
SupervisionAuxiliaryDeviceType_Vibration,7206,Variable
SupervisionAuxiliaryDeviceType_Vibration_FalseState,7207,Variable
SupervisionAuxiliaryDeviceType_Vibration_TrueState,7208,Variable
SupervisionAuxiliaryDeviceType_WearReserveOperation,7209,Variable
SupervisionAuxiliaryDeviceType_WearReserveOperation_FalseState,7210,Variable
SupervisionAuxiliaryDeviceType_WearReserveOperation_TrueState,7211,Variable
SupervisionAuxiliaryDeviceType_WearReserveWear,7212,Variable
SupervisionAuxiliaryDeviceType_WearReserveWear_FalseState,7213,Variable
SupervisionAuxiliaryDeviceType_WearReserveWear_TrueState,7214,Variable
SupervisionElectronicsType_ArmatureCircuit,7215,Variable
SupervisionElectronicsType_ArmatureCircuit_FalseState,7216,Variable
SupervisionElectronicsType_ArmatureCircuit_TrueState,7217,Variable
SupervisionElectronicsType_CurrentInsideDevice,7218,Variable
SupervisionElectronicsType_CurrentInsideDevice_FalseState,7219,Variable
SupervisionElectronicsType_CurrentInsideDevice_TrueState,7220,Variable
SupervisionElectronicsType_ElectricalFault,7221,Variable
SupervisionElectronicsType_ElectricalFault_FalseState,7222,Variable
SupervisionElectronicsType_ElectricalFault_TrueState,7223,Variable
SupervisionElectronicsType_FieldCircuit,7224,Variable
SupervisionElectronicsType_FieldCircuit_FalseState,7225,Variable
SupervisionElectronicsType_FieldCircuit_TrueState,7226,Variable
SupervisionElectronicsType_InstallationFault,7227,Variable
SupervisionElectronicsType_InstallationFault_FalseState,7228,Variable
SupervisionElectronicsType_InstallationFault_TrueState,7229,Variable
SupervisionElectronicsType_InsulationResistance,7230,Variable
SupervisionElectronicsType_InsulationResistance_FalseState,7231,Variable
SupervisionElectronicsType_InsulationResistance_TrueState,7232,Variable
SupervisionElectronicsType_PhaseFailure,7233,Variable
SupervisionElectronicsType_PhaseFailure_FalseState,7234,Variable
SupervisionElectronicsType_PhaseFailure_TrueState,7235,Variable
SupervisionElectronicsType_ShortCircuit,7236,Variable
SupervisionElectronicsType_ShortCircuit_FalseState,7237,Variable
SupervisionElectronicsType_ShortCircuit_TrueState,7238,Variable
SupervisionElectronicsType_ShortToEarth,7239,Variable
SupervisionElectronicsType_ShortToEarth_FalseState,7240,Variable
SupervisionElectronicsType_ShortToEarth_TrueState,7241,Variable
SupervisionElectronicsType_SupplyCurrent,7242,Variable
SupervisionElectronicsType_SupplyCurrent_FalseState,7243,Variable
SupervisionElectronicsType_SupplyCurrent_TrueState,7244,Variable
SupervisionElectronicsType_SupplyCurrentHigh,7245,Variable
SupervisionElectronicsType_SupplyCurrentHigh_FalseState,7246,Variable
SupervisionElectronicsType_SupplyCurrentHigh_TrueState,7247,Variable
SupervisionElectronicsType_SupplyCurrentLow,7248,Variable
SupervisionElectronicsType_SupplyCurrentLow_FalseState,7249,Variable
SupervisionElectronicsType_SupplyCurrentLow_TrueState,7250,Variable
SupervisionElectronicsType_SupplyFrequency,7251,Variable
SupervisionElectronicsType_SupplyFrequency_FalseState,7252,Variable
SupervisionElectronicsType_SupplyFrequency_TrueState,7253,Variable
SupervisionElectronicsType_SupplyFrequencyHigh,7254,Variable
SupervisionElectronicsType_SupplyFrequencyHigh_FalseState,7255,Variable
SupervisionElectronicsType_SupplyFrequencyHigh_TrueState,7256,Variable
SupervisionElectronicsType_SupplyFrequencyLow,7257,Variable
SupervisionElectronicsType_SupplyFrequencyLow_FalseState,7258,Variable
SupervisionElectronicsType_SupplyFrequencyLow_TrueState,7259,Variable
SupervisionElectronicsType_SupplyVoltage,7260,Variable
SupervisionElectronicsType_SupplyVoltage_FalseState,7261,Variable
SupervisionElectronicsType_SupplyVoltage_TrueState,7262,Variable
SupervisionElectronicsType_SupplyVoltageHigh,7263,Variable
SupervisionElectronicsType_SupplyVoltageHigh_FalseState,7264,Variable
SupervisionElectronicsType_SupplyVoltageHigh_TrueState,7265,Variable
SupervisionElectronicsType_SupplyVoltageLow,7266,Variable
SupervisionElectronicsType_SupplyVoltageLow_FalseState,7267,Variable
SupervisionElectronicsType_SupplyVoltageLow_TrueState,7268,Variable
SupervisionElectronicsType_VoltageInsideDevice,7269,Variable
SupervisionElectronicsType_VoltageInsideDevice_FalseState,7270,Variable
SupervisionElectronicsType_VoltageInsideDevice_TrueState,7271,Variable
SupervisionElectronicsType_WindingTemperature,7272,Variable
SupervisionElectronicsType_WindingTemperature_FalseState,7273,Variable
SupervisionElectronicsType_WindingTemperature_TrueState,7274,Variable
SupervisionType_SupervisionAuxiliaryDevice_CommunicationError_TrueState,7275,Variable
SupervisionType_SupervisionAuxiliaryDevice_Corrosion,7276,Variable
SupervisionType_SupervisionAuxiliaryDevice_Corrosion_FalseState,7277,Variable
SupervisionAuxiliaryDeviceType_ActuatorElement_Definition,7278,Variable
SupervisionType_SupervisionAuxiliaryDevice_Corrosion_TrueState,7279,Variable
SupervisionType_SupervisionAuxiliaryDevice_Deviation,7280,Variable
SupervisionType_SupervisionAuxiliaryDevice_Deviation_FalseState,7281,Variable
SupervisionType_SupervisionAuxiliaryDevice_Deviation_TrueState,7282,Variable
SupervisionType_SupervisionAuxiliaryDevice_ElectromagneticInterference,7283,Variable
SupervisionType_SupervisionAuxiliaryDevice_ElectromagneticInterference_FalseState,7284,Variable
SupervisionType_SupervisionAuxiliaryDevice_ElectromagneticInterference_TrueState,7285,Variable
SupervisionType_SupervisionAuxiliaryDevice_ElectronicFault,7286,Variable
SupervisionType_SupervisionAuxiliaryDevice_ElectronicFault_FalseState,7287,Variable
SupervisionType_SupervisionAuxiliaryDevice_ElectronicFault_TrueState,7288,Variable
SupervisionType_SupervisionAuxiliaryDevice_EnergySupply,7289,Variable
SupervisionType_SupervisionAuxiliaryDevice_EnergySupply_FalseState,7290,Variable
SupervisionType_SupervisionAuxiliaryDevice_EnergySupply_TrueState,7291,Variable
SupervisionType_SupervisionAuxiliaryDevice_EvaluationElectronics,7292,Variable
SupervisionType_SupervisionAuxiliaryDevice_EvaluationElectronics_FalseState,7293,Variable
SupervisionType_SupervisionAuxiliaryDevice_EvaluationElectronics_TrueState,7294,Variable
SupervisionType_SupervisionAuxiliaryDevice_ExciterError,7295,Variable
SupervisionType_SupervisionAuxiliaryDevice_ExciterError_FalseState,7296,Variable
SupervisionType_SupervisionAuxiliaryDevice_ExciterError_TrueState,7297,Variable
SupervisionType_SupervisionAuxiliaryDevice_Fouling,7298,Variable
SupervisionType_SupervisionAuxiliaryDevice_Fouling_FalseState,7299,Variable
SupervisionType_SupervisionAuxiliaryDevice_Fouling_TrueState,7300,Variable
SupervisionType_SupervisionAuxiliaryDevice_HumidityElectronics,7301,Variable
SupervisionType_SupervisionAuxiliaryDevice_HumidityElectronics_FalseState,7302,Variable
SupervisionType_SupervisionAuxiliaryDevice_HumidityElectronics_TrueState,7303,Variable
SupervisionType_SupervisionAuxiliaryDevice_Installation,7304,Variable
SupervisionType_SupervisionAuxiliaryDevice_Installation_FalseState,7305,Variable
SupervisionType_SupervisionAuxiliaryDevice_Installation_TrueState,7306,Variable
SupervisionType_SupervisionAuxiliaryDevice_Interruption,7307,Variable
SupervisionType_SupervisionAuxiliaryDevice_Interruption_FalseState,7308,Variable
SupervisionType_SupervisionAuxiliaryDevice_Interruption_TrueState,7309,Variable
SupervisionType_SupervisionAuxiliaryDevice_LineLength,7310,Variable
SupervisionType_SupervisionAuxiliaryDevice_LineLength_FalseState,7311,Variable
SupervisionType_SupervisionAuxiliaryDevice_LineLength_TrueState,7312,Variable
SupervisionType_SupervisionAuxiliaryDevice_MaterialElectronics,7313,Variable
SupervisionType_SupervisionAuxiliaryDevice_MaterialElectronics_FalseState,7314,Variable
SupervisionType_SupervisionAuxiliaryDevice_MaterialElectronics_TrueState,7315,Variable
SupervisionType_SupervisionAuxiliaryDevice_MeasuredMaterialElectronics,7316,Variable
SupervisionType_SupervisionAuxiliaryDevice_MeasuredMaterialElectronics_FalseState,7317,Variable
SupervisionType_SupervisionAuxiliaryDevice_MeasuredMaterialElectronics_TrueState,7318,Variable
SupervisionType_SupervisionAuxiliaryDevice_MechanicalDamage,7319,Variable
SupervisionType_SupervisionAuxiliaryDevice_MechanicalDamage_FalseState,7320,Variable
SupervisionType_SupervisionAuxiliaryDevice_MechanicalDamage_TrueState,7321,Variable
SupervisionType_SupervisionAuxiliaryDevice_OperatingConditions,7322,Variable
SupervisionType_SupervisionAuxiliaryDevice_OperatingConditions_FalseState,7323,Variable
SupervisionType_SupervisionAuxiliaryDevice_OperatingConditions_TrueState,7324,Variable
SupervisionType_SupervisionAuxiliaryDevice_Other,7325,Variable
SupervisionType_SupervisionAuxiliaryDevice_Other_FalseState,7326,Variable
SupervisionType_SupervisionAuxiliaryDevice_Other_TrueState,7327,Variable
SupervisionType_SupervisionAuxiliaryDevice_Overloading,7328,Variable
SupervisionType_SupervisionAuxiliaryDevice_Overloading_FalseState,7329,Variable
SupervisionType_SupervisionAuxiliaryDevice_Overloading_TrueState,7330,Variable
SupervisionType_SupervisionAuxiliaryDevice_ParameterSetting,7331,Variable
SupervisionType_SupervisionAuxiliaryDevice_ParameterSetting_FalseState,7332,Variable
SupervisionType_SupervisionAuxiliaryDevice_ParameterSetting_TrueState,7333,Variable
SupervisionType_SupervisionAuxiliaryDevice_Peripheral,7334,Variable
SupervisionType_SupervisionAuxiliaryDevice_Peripheral_FalseState,7335,Variable
SupervisionType_SupervisionAuxiliaryDevice_Peripheral_TrueState,7336,Variable
SupervisionType_SupervisionAuxiliaryDevice_ProcessInfluence,7337,Variable
SupervisionType_SupervisionAuxiliaryDevice_ProcessInfluence_FalseState,7338,Variable
SupervisionType_SupervisionAuxiliaryDevice_ProcessInfluence_TrueState,7339,Variable
SupervisionType_SupervisionAuxiliaryDevice_SensorElement,7340,Variable
SupervisionType_SupervisionAuxiliaryDevice_SensorElement_FalseState,7341,Variable
SupervisionType_SupervisionAuxiliaryDevice_SensorElement_TrueState,7342,Variable
SupervisionType_SupervisionAuxiliaryDevice_StartUp,7343,Variable
SupervisionType_SupervisionAuxiliaryDevice_StartUp_FalseState,7344,Variable
SupervisionType_SupervisionAuxiliaryDevice_StartUp_TrueState,7345,Variable
SupervisionType_SupervisionAuxiliaryDevice_TemperatureShock,7346,Variable
SupervisionType_SupervisionAuxiliaryDevice_TemperatureShock_FalseState,7347,Variable
SupervisionType_SupervisionAuxiliaryDevice_TemperatureShock_TrueState,7348,Variable
SupervisionType_SupervisionAuxiliaryDevice_Vibration,7349,Variable
SupervisionType_SupervisionAuxiliaryDevice_Vibration_FalseState,7350,Variable
SupervisionType_SupervisionAuxiliaryDevice_Vibration_TrueState,7351,Variable
SupervisionType_SupervisionAuxiliaryDevice_WearReserveOperation,7352,Variable
SupervisionType_SupervisionAuxiliaryDevice_WearReserveOperation_FalseState,7353,Variable
SupervisionType_SupervisionAuxiliaryDevice_WearReserveOperation_TrueState,7354,Variable
SupervisionType_SupervisionAuxiliaryDevice_WearReserveWear,7355,Variable
SupervisionType_SupervisionAuxiliaryDevice_WearReserveWear_FalseState,7356,Variable
SupervisionType_SupervisionAuxiliaryDevice_WearReserveWear_TrueState,7357,Variable
SupervisionType_SupervisionAuxiliaryDevice_ActuatorElement_Definition,7358,Variable
SupervisionType_SupervisionAuxiliaryDevice_AmbientTemperature_Definition,7359,Variable
SupervisionType_SupervisionAuxiliaryDevice_AuxiliaryDeviceFault_Definition,7360,Variable
SupervisionType_SupervisionAuxiliaryDevice_AuxiliaryMediumAbsence_Definition,7361,Variable
SupervisionType_SupervisionAuxiliaryDevice_AuxiliaryMediumInsufficiency_Definition,7362,Variable
SupervisionType_SupervisionAuxiliaryDevice_AuxiliaryPowerPole_Definition,7363,Variable
SupervisionType_SupervisionAuxiliaryDevice_AuxiliaryPowerRange_Definition,7364,Variable
SupervisionType_SupervisionAuxiliaryDevice_CommunicationError_Definition,7365,Variable
SupervisionType_SupervisionAuxiliaryDevice_Corrosion_Definition,7366,Variable
SupervisionType_SupervisionAuxiliaryDevice_Deviation_Definition,7367,Variable
SupervisionType_SupervisionAuxiliaryDevice_ElectromagneticInterference_Definition,7368,Variable
SupervisionType_SupervisionAuxiliaryDevice_ElectronicFault_Definition,7369,Variable
SupervisionType_SupervisionAuxiliaryDevice_EnergySupply_Definition,7370,Variable
SupervisionType_SupervisionAuxiliaryDevice_EvaluationElectronics_Definition,7371,Variable
SupervisionType_SupervisionAuxiliaryDevice_ExciterError_Definition,7372,Variable
SupervisionType_SupervisionAuxiliaryDevice_Fouling_Definition,7373,Variable
SupervisionType_SupervisionAuxiliaryDevice_HumidityElectronics_Definition,7374,Variable
SupervisionType_SupervisionAuxiliaryDevice_Installation_Definition,7375,Variable
SupervisionType_SupervisionAuxiliaryDevice_Interruption_Definition,7376,Variable
SupervisionType_SupervisionAuxiliaryDevice_LineLength_Definition,7377,Variable
SupervisionType_SupervisionAuxiliaryDevice_MaterialElectronics_Definition,7378,Variable
SupervisionType_SupervisionAuxiliaryDevice_MeasuredMaterialElectronics_Definition,7379,Variable
SupervisionType_SupervisionAuxiliaryDevice_MechanicalDamage_Definition,7380,Variable
SupervisionType_SupervisionAuxiliaryDevice_OperatingConditions_Definition,7381,Variable
SupervisionType_SupervisionAuxiliaryDevice_Other_Definition,7382,Variable
SupervisionType_SupervisionAuxiliaryDevice_Overloading_Definition,7383,Variable
SupervisionType_SupervisionAuxiliaryDevice_ParameterSetting_Definition,7384,Variable
SupervisionType_SupervisionAuxiliaryDevice_Peripheral_Definition,7385,Variable
SupervisionType_SupervisionAuxiliaryDevice_ProcessInfluence_Definition,7386,Variable
SupervisionType_SupervisionAuxiliaryDevice_SensorElement_Definition,7387,Variable
SupervisionType_SupervisionAuxiliaryDevice_StartUp_Definition,7388,Variable
SupervisionType_SupervisionAuxiliaryDevice_TemperatureShock_Definition,7389,Variable
SupervisionType_SupervisionAuxiliaryDevice_Vibration_Definition,7390,Variable
SupervisionType_SupervisionAuxiliaryDevice_WearReserveOperation_Definition,7391,Variable
SupervisionType_SupervisionAuxiliaryDevice_WearReserveWear_Definition,7392,Variable
SupervisionType_SupervisionElectronics_ArmatureCircuit,7393,Variable
SupervisionType_SupervisionElectronics_ArmatureCircuit_FalseState,7394,Variable
SupervisionType_SupervisionElectronics_ArmatureCircuit_TrueState,7395,Variable
SupervisionType_SupervisionElectronics_CurrentInsideDevice,7396,Variable
SupervisionType_SupervisionElectronics_CurrentInsideDevice_FalseState,7397,Variable
SupervisionType_SupervisionElectronics_CurrentInsideDevice_TrueState,7398,Variable
SupervisionType_SupervisionElectronics_ElectricalFault,7399,Variable
SupervisionType_SupervisionElectronics_ElectricalFault_FalseState,7400,Variable
SupervisionType_SupervisionElectronics_ElectricalFault_TrueState,7401,Variable
SupervisionType_SupervisionElectronics_FieldCircuit,7402,Variable
SupervisionType_SupervisionElectronics_FieldCircuit_FalseState,7403,Variable
SupervisionType_SupervisionElectronics_FieldCircuit_TrueState,7404,Variable
SupervisionType_SupervisionElectronics_InstallationFault,7405,Variable
SupervisionType_SupervisionElectronics_InstallationFault_FalseState,7406,Variable
SupervisionType_SupervisionElectronics_InstallationFault_TrueState,7407,Variable
SupervisionType_SupervisionElectronics_InsulationResistance,7408,Variable
SupervisionType_SupervisionElectronics_InsulationResistance_FalseState,7409,Variable
SupervisionType_SupervisionElectronics_InsulationResistance_TrueState,7410,Variable
SupervisionType_SupervisionElectronics_PhaseFailure,7411,Variable
SupervisionType_SupervisionElectronics_PhaseFailure_FalseState,7412,Variable
SupervisionType_SupervisionElectronics_PhaseFailure_TrueState,7413,Variable
SupervisionType_SupervisionElectronics_ShortCircuit,7414,Variable
SupervisionType_SupervisionElectronics_ShortCircuit_FalseState,7415,Variable
SupervisionType_SupervisionElectronics_ShortCircuit_TrueState,7416,Variable
SupervisionType_SupervisionElectronics_ShortToEarth,7417,Variable
SupervisionType_SupervisionElectronics_ShortToEarth_FalseState,7418,Variable
SupervisionType_SupervisionElectronics_ShortToEarth_TrueState,7419,Variable
SupervisionType_SupervisionElectronics_SupplyCurrent,7420,Variable
SupervisionType_SupervisionElectronics_SupplyCurrent_FalseState,7421,Variable
SupervisionType_SupervisionElectronics_SupplyCurrent_TrueState,7422,Variable
SupervisionType_SupervisionElectronics_SupplyCurrentHigh,7423,Variable
SupervisionType_SupervisionElectronics_SupplyCurrentHigh_FalseState,7424,Variable
SupervisionType_SupervisionElectronics_SupplyCurrentHigh_TrueState,7425,Variable
SupervisionType_SupervisionElectronics_SupplyCurrentLow,7426,Variable
SupervisionType_SupervisionElectronics_SupplyCurrentLow_FalseState,7427,Variable
SupervisionType_SupervisionElectronics_SupplyCurrentLow_TrueState,7428,Variable
SupervisionType_SupervisionElectronics_SupplyFrequency,7429,Variable
SupervisionType_SupervisionElectronics_SupplyFrequency_FalseState,7430,Variable
SupervisionType_SupervisionElectronics_SupplyFrequency_TrueState,7431,Variable
SupervisionType_SupervisionElectronics_SupplyFrequencyHigh,7432,Variable
SupervisionType_SupervisionElectronics_SupplyFrequencyHigh_FalseState,7433,Variable
SupervisionType_SupervisionElectronics_SupplyFrequencyHigh_TrueState,7434,Variable
SupervisionType_SupervisionElectronics_SupplyFrequencyLow,7435,Variable
SupervisionType_SupervisionElectronics_SupplyFrequencyLow_FalseState,7436,Variable
SupervisionType_SupervisionElectronics_SupplyFrequencyLow_TrueState,7437,Variable
SupervisionType_SupervisionElectronics_SupplyVoltage,7438,Variable
SupervisionType_SupervisionElectronics_SupplyVoltage_FalseState,7439,Variable
SupervisionType_SupervisionElectronics_SupplyVoltage_TrueState,7440,Variable
SupervisionType_SupervisionElectronics_SupplyVoltageHigh,7441,Variable
SupervisionType_SupervisionElectronics_SupplyVoltageHigh_FalseState,7442,Variable
SupervisionType_SupervisionElectronics_SupplyVoltageHigh_TrueState,7443,Variable
SupervisionType_SupervisionElectronics_SupplyVoltageLow,7444,Variable
SupervisionType_SupervisionElectronics_SupplyVoltageLow_FalseState,7445,Variable
SupervisionType_SupervisionElectronics_SupplyVoltageLow_TrueState,7446,Variable
SupervisionType_SupervisionElectronics_VoltageInsideDevice,7447,Variable
SupervisionType_SupervisionElectronics_VoltageInsideDevice_FalseState,7448,Variable
SupervisionType_SupervisionElectronics_VoltageInsideDevice_TrueState,7449,Variable
SupervisionType_SupervisionElectronics_WindingTemperature,7450,Variable
SupervisionType_SupervisionElectronics_WindingTemperature_FalseState,7451,Variable
SupervisionType_SupervisionElectronics_WindingTemperature_TrueState,7452,Variable
SupervisionType_SupervisionElectronics_ArmatureCircuit_Definition,7453,Variable
SupervisionType_SupervisionElectronics_CurrentInsideDevice_Definition,7454,Variable
SupervisionType_SupervisionElectronics_ElectricalFault_Definition,7455,Variable
SupervisionType_SupervisionElectronics_FieldCircuit_Definition,7456,Variable
SupervisionType_SupervisionElectronics_InstallationFault_Definition,7457,Variable
SupervisionType_SupervisionElectronics_InsulationResistance_Definition,7458,Variable
SupervisionType_SupervisionElectronics_PhaseFailure_Definition,7459,Variable
SupervisionType_SupervisionElectronics_ShortCircuit_Definition,7460,Variable
SupervisionType_SupervisionElectronics_ShortToEarth_Definition,7461,Variable
SupervisionType_SupervisionElectronics_SupplyCurrent_Definition,7462,Variable
SupervisionType_SupervisionElectronics_SupplyCurrentHigh_Definition,7463,Variable
SupervisionType_SupervisionElectronics_SupplyCurrentLow_Definition,7464,Variable
SupervisionType_SupervisionElectronics_SupplyFrequency_Definition,7465,Variable
SupervisionType_SupervisionElectronics_SupplyFrequencyHigh_Definition,7466,Variable
SupervisionType_SupervisionElectronics_SupplyFrequencyLow_Definition,7467,Variable
SupervisionType_SupervisionElectronics_SupplyVoltage_Definition,7468,Variable
SupervisionType_SupervisionElectronics_SupplyVoltageHigh_Definition,7469,Variable
SupervisionType_SupervisionElectronics_SupplyVoltageLow_Definition,7470,Variable
SupervisionType_SupervisionElectronics_VoltageInsideDevice_Definition,7471,Variable
SupervisionType_SupervisionElectronics_WindingTemperature_Definition,7472,Variable
SupervisionType_SupervisionHardware_Communication,7473,Variable
SupervisionType_SupervisionHardware_Communication_FalseState,7474,Variable
SupervisionType_SupervisionHardware_Communication_TrueState,7475,Variable
SupervisionType_SupervisionHardware_ComputingCircuit,7476,Variable
SupervisionType_SupervisionHardware_ComputingCircuit_FalseState,7477,Variable
SupervisionType_SupervisionHardware_ComputingCircuit_TrueState,7478,Variable
SupervisionType_SupervisionHardware_ControlCircuit,7479,Variable
SupervisionType_SupervisionHardware_ControlCircuit_FalseState,7480,Variable
SupervisionType_SupervisionHardware_ControlCircuit_TrueState,7481,Variable
SupervisionType_SupervisionHardware_DCLinkSupply,7482,Variable
SupervisionType_SupervisionHardware_DCLinkSupply_FalseState,7483,Variable
SupervisionType_SupervisionHardware_DCLinkSupply_TrueState,7484,Variable
SupervisionType_SupervisionHardware_Eprom,7485,Variable
SupervisionType_SupervisionHardware_Eprom_FalseState,7486,Variable
SupervisionType_SupervisionHardware_Eprom_TrueState,7487,Variable
SupervisionType_SupervisionHardware_HardwareFault,7488,Variable
SupervisionType_SupervisionHardware_HardwareFault_FalseState,7489,Variable
SupervisionType_SupervisionHardware_HardwareFault_TrueState,7490,Variable
SupervisionType_SupervisionHardware_IONA,7491,Variable
SupervisionType_SupervisionHardware_IONA_FalseState,7492,Variable
SupervisionType_SupervisionHardware_IONA_TrueState,7493,Variable
SupervisionType_SupervisionHardware_MeasureCircuit,7494,Variable
SupervisionType_SupervisionHardware_MeasureCircuit_FalseState,7495,Variable
SupervisionType_SupervisionHardware_MeasureCircuit_TrueState,7496,Variable
SupervisionType_SupervisionHardware_MicroProcessor,7497,Variable
SupervisionType_SupervisionHardware_MicroProcessor_FalseState,7498,Variable
SupervisionType_SupervisionHardware_MicroProcessor_TrueState,7499,Variable
SupervisionType_SupervisionHardware_NetworkNA,7500,Variable
SupervisionType_SupervisionHardware_NetworkNA_FalseState,7501,Variable
SupervisionType_SupervisionHardware_NetworkNA_TrueState,7502,Variable
SupervisionType_SupervisionHardware_PowerSupply,7503,Variable
SupervisionType_SupervisionHardware_PowerSupply_FalseState,7504,Variable
SupervisionType_SupervisionHardware_PowerSupply_TrueState,7505,Variable
SupervisionType_SupervisionHardware_Ram,7506,Variable
SupervisionType_SupervisionHardware_Ram_FalseState,7507,Variable
SupervisionType_SupervisionHardware_Ram_TrueState,7508,Variable
SupervisionType_SupervisionHardware_Communication_Definition,7509,Variable
SupervisionType_SupervisionHardware_ComputingCircuit_Definition,7510,Variable
SupervisionType_SupervisionHardware_ControlCircuit_Definition,7511,Variable
SupervisionType_SupervisionHardware_DCLinkSupply_Definition,7512,Variable
SupervisionType_SupervisionHardware_Eprom_Definition,7513,Variable
SupervisionType_SupervisionHardware_HardwareFault_Definition,7514,Variable
SupervisionType_SupervisionHardware_IONA_Definition,7515,Variable
SupervisionType_SupervisionHardware_MeasureCircuit_Definition,7516,Variable
SupervisionType_SupervisionHardware_MicroProcessor_Definition,7517,Variable
SupervisionType_SupervisionHardware_NetworkNA_Definition,7518,Variable
SupervisionType_SupervisionHardware_PowerSupply_Definition,7519,Variable
SupervisionType_SupervisionHardware_Ram_Definition,7520,Variable
SupervisionType_SupervisionMechanics_AxialBearingAbrasion,7521,Variable
SupervisionType_SupervisionMechanics_AxialBearingAbrasion_FalseState,7522,Variable
SupervisionType_SupervisionMechanics_AxialBearingAbrasion_TrueState,7523,Variable
SupervisionType_SupervisionMechanics_AxialBearingFault,7524,Variable
SupervisionType_SupervisionMechanics_AxialBearingFault_FalseState,7525,Variable
SupervisionType_SupervisionMechanics_AxialBearingFault_TrueState,7526,Variable
SupervisionType_SupervisionMechanics_AxialBearingOverheat,7527,Variable
SupervisionType_SupervisionMechanics_AxialBearingOverheat_FalseState,7528,Variable
SupervisionType_SupervisionMechanics_AxialBearingOverheat_TrueState,7529,Variable
SupervisionType_SupervisionMechanics_BearingFault,7530,Variable
SupervisionType_SupervisionMechanics_BearingFault_FalseState,7531,Variable
SupervisionType_SupervisionMechanics_BearingFault_TrueState,7532,Variable
SupervisionType_SupervisionMechanics_BrakeChopper,7533,Variable
SupervisionType_SupervisionMechanics_BrakeChopper_FalseState,7534,Variable
SupervisionType_SupervisionMechanics_BrakeChopper_TrueState,7535,Variable
SupervisionType_SupervisionMechanics_BrakeOverheat,7536,Variable
SupervisionType_SupervisionMechanics_BrakeOverheat_FalseState,7537,Variable
SupervisionType_SupervisionMechanics_BrakeOverheat_TrueState,7538,Variable
SupervisionType_SupervisionMechanics_ExcessVibration,7539,Variable
SupervisionType_SupervisionMechanics_ExcessVibration_FalseState,7540,Variable
SupervisionType_SupervisionMechanics_ExcessVibration_TrueState,7541,Variable
SupervisionType_SupervisionMechanics_GapWear,7542,Variable
SupervisionType_SupervisionMechanics_GapWear_FalseState,7543,Variable
SupervisionType_SupervisionMechanics_GapWear_TrueState,7544,Variable
SupervisionType_SupervisionMechanics_MechanicalFault,7545,Variable
SupervisionType_SupervisionMechanics_MechanicalFault_FalseState,7546,Variable
SupervisionType_SupervisionMechanics_MechanicalFault_TrueState,7547,Variable
SupervisionType_SupervisionMechanics_Misalignment,7548,Variable
SupervisionType_SupervisionMechanics_Misalignment_FalseState,7549,Variable
SupervisionType_SupervisionMechanics_Misalignment_TrueState,7550,Variable
SupervisionType_SupervisionMechanics_RadialBearingAbrasion,7551,Variable
SupervisionType_SupervisionMechanics_RadialBearingAbrasion_FalseState,7552,Variable
SupervisionType_SupervisionMechanics_RadialBearingAbrasion_TrueState,7553,Variable
SupervisionType_SupervisionMechanics_RadialBearingFault,7554,Variable
SupervisionType_SupervisionMechanics_RadialBearingFault_FalseState,7555,Variable
SupervisionType_SupervisionMechanics_RadialBearingFault_TrueState,7556,Variable
SupervisionType_SupervisionMechanics_RadialBearingOverheat,7557,Variable
SupervisionType_SupervisionMechanics_RadialBearingOverheat_FalseState,7558,Variable
SupervisionType_SupervisionMechanics_RadialBearingOverheat_TrueState,7559,Variable
SupervisionType_SupervisionMechanics_RotorBlocked,7560,Variable
SupervisionType_SupervisionMechanics_RotorBlocked_FalseState,7561,Variable
SupervisionType_SupervisionMechanics_RotorBlocked_TrueState,7562,Variable
SupervisionType_SupervisionMechanics_RotorStationRubbing,7563,Variable
SupervisionType_SupervisionMechanics_RotorStationRubbing_FalseState,7564,Variable
SupervisionType_SupervisionMechanics_RotorStationRubbing_TrueState,7565,Variable
SupervisionType_SupervisionMechanics_Unbalance,7566,Variable
SupervisionType_SupervisionMechanics_Unbalance_FalseState,7567,Variable
SupervisionType_SupervisionMechanics_Unbalance_TrueState,7568,Variable
SupervisionType_SupervisionMechanics_AxialBearingAbrasion_Definition,7569,Variable
SupervisionType_SupervisionMechanics_AxialBearingFault_Definition,7570,Variable
SupervisionType_SupervisionMechanics_AxialBearingOverheat_Definition,7571,Variable
SupervisionType_SupervisionMechanics_BearingFault_Definition,7572,Variable
SupervisionType_SupervisionMechanics_BrakeChopper_Definition,7573,Variable
SupervisionType_SupervisionMechanics_BrakeOverheat_Definition,7574,Variable
SupervisionType_SupervisionMechanics_ExcessVibration_Definition,7575,Variable
SupervisionType_SupervisionMechanics_GapWear_Definition,7576,Variable
SupervisionType_SupervisionMechanics_MechanicalFault_Definition,7577,Variable
SupervisionType_SupervisionMechanics_Misalignment_Definition,7578,Variable
SupervisionType_SupervisionMechanics_RadialBearingAbrasion_Definition,7579,Variable
SupervisionType_SupervisionMechanics_RadialBearingFault_Definition,7580,Variable
SupervisionType_SupervisionMechanics_RadialBearingOverheat_Definition,7581,Variable
SupervisionType_SupervisionMechanics_RotorBlocked_Definition,7582,Variable
SupervisionType_SupervisionMechanics_RotorStationRubbing_Definition,7583,Variable
SupervisionType_SupervisionMechanics_Unbalance_Definition,7584,Variable
SupervisionType_SupervisionProcessFluid_Blockage,7585,Variable
SupervisionType_SupervisionProcessFluid_Blockage_FalseState,7586,Variable
SupervisionType_SupervisionProcessFluid_Blockage_TrueState,7587,Variable
SupervisionType_SupervisionProcessFluid_Cavitation,7588,Variable
SupervisionType_SupervisionProcessFluid_Cavitation_FalseState,7589,Variable
SupervisionType_SupervisionProcessFluid_Cavitation_TrueState,7590,Variable
SupervisionType_SupervisionProcessFluid_Condensation,7591,Variable
SupervisionType_SupervisionProcessFluid_Condensation_FalseState,7592,Variable
SupervisionType_SupervisionProcessFluid_Condensation_TrueState,7593,Variable
SupervisionType_SupervisionProcessFluid_Dry,7594,Variable
SupervisionType_SupervisionProcessFluid_Dry_FalseState,7595,Variable
SupervisionType_SupervisionProcessFluid_Dry_TrueState,7596,Variable
SupervisionType_SupervisionProcessFluid_Flow,7597,Variable
SupervisionType_SupervisionProcessFluid_Flow_FalseState,7598,Variable
SupervisionType_SupervisionProcessFluid_Flow_TrueState,7599,Variable
SupervisionType_SupervisionProcessFluid_Gas,7600,Variable
SupervisionType_SupervisionProcessFluid_Gas_FalseState,7601,Variable
SupervisionType_SupervisionProcessFluid_Gas_TrueState,7602,Variable
SupervisionType_SupervisionProcessFluid_Liquid,7603,Variable
SupervisionType_SupervisionProcessFluid_Liquid_FalseState,7604,Variable
SupervisionType_SupervisionProcessFluid_Liquid_TrueState,7605,Variable
SupervisionType_SupervisionProcessFluid_Pressure,7606,Variable
SupervisionType_SupervisionProcessFluid_Pressure_FalseState,7607,Variable
SupervisionType_SupervisionProcessFluid_Pressure_TrueState,7608,Variable
SupervisionType_SupervisionProcessFluid_ProcessFault,7609,Variable
SupervisionType_SupervisionProcessFluid_ProcessFault_FalseState,7610,Variable
SupervisionType_SupervisionProcessFluid_ProcessFault_TrueState,7611,Variable
SupervisionType_SupervisionProcessFluid_Solid,7612,Variable
SupervisionType_SupervisionProcessFluid_Solid_FalseState,7613,Variable
SupervisionType_SupervisionProcessFluid_Solid_TrueState,7614,Variable
SupervisionType_SupervisionProcessFluid_Stall,7615,Variable
SupervisionType_SupervisionProcessFluid_Stall_FalseState,7616,Variable
SupervisionType_SupervisionProcessFluid_Stall_TrueState,7617,Variable
SupervisionType_SupervisionProcessFluid_Temperature,7618,Variable
SupervisionType_SupervisionProcessFluid_Temperature_FalseState,7619,Variable
SupervisionType_SupervisionProcessFluid_Temperature_TrueState,7620,Variable
SupervisionType_SupervisionProcessFluid_Viscosity,7621,Variable
SupervisionType_SupervisionProcessFluid_Viscosity_FalseState,7622,Variable
SupervisionType_SupervisionProcessFluid_Viscosity_TrueState,7623,Variable
SupervisionType_SupervisionProcessFluid_Blockage_Definition,7624,Variable
SupervisionType_SupervisionProcessFluid_Cavitation_Definition,7625,Variable
SupervisionType_SupervisionProcessFluid_Condensation_Definition,7626,Variable
SupervisionType_SupervisionProcessFluid_Dry_Definition,7627,Variable
SupervisionType_SupervisionProcessFluid_Flow_Definition,7628,Variable
SupervisionType_SupervisionProcessFluid_Gas_Definition,7629,Variable
SupervisionType_SupervisionProcessFluid_Liquid_Definition,7630,Variable
SupervisionType_SupervisionProcessFluid_Pressure_Definition,7631,Variable
SupervisionType_SupervisionProcessFluid_ProcessFault_Definition,7632,Variable
SupervisionType_SupervisionProcessFluid_Solid_Definition,7633,Variable
SupervisionType_SupervisionProcessFluid_Stall_Definition,7634,Variable
SupervisionType_SupervisionProcessFluid_Temperature_Definition,7635,Variable
SupervisionType_SupervisionProcessFluid_Viscosity_Definition,7636,Variable
SupervisionType_SupervisionPumpOperation_AccessoryLiquidFlow,7637,Variable
SupervisionType_SupervisionPumpOperation_AccessoryLiquidFlow_FalseState,7638,Variable
SupervisionType_SupervisionPumpOperation_AccessoryLiquidFlow_TrueState,7639,Variable
SupervisionType_SupervisionPumpOperation_AccessoryLiquidHigh,7640,Variable
SupervisionType_SupervisionPumpOperation_AccessoryLiquidHigh_FalseState,7641,Variable
SupervisionType_SupervisionPumpOperation_AccessoryLiquidHigh_TrueState,7642,Variable
SupervisionType_SupervisionPumpOperation_AccessoryLiquidLow,7643,Variable
SupervisionType_SupervisionPumpOperation_AccessoryLiquidLow_FalseState,7644,Variable
SupervisionType_SupervisionPumpOperation_AccessoryLiquidLow_TrueState,7645,Variable
SupervisionType_SupervisionPumpOperation_AccessoryLiquidOverheat,7646,Variable
SupervisionType_SupervisionPumpOperation_AccessoryLiquidOverheat_FalseState,7647,Variable
SupervisionType_SupervisionPumpOperation_AccessoryLiquidOverheat_TrueState,7648,Variable
SupervisionType_SupervisionPumpOperation_AccessoryLiquidPressure,7649,Variable
SupervisionType_SupervisionPumpOperation_AccessoryLiquidPressure_FalseState,7650,Variable
SupervisionType_SupervisionPumpOperation_AccessoryLiquidPressure_TrueState,7651,Variable
SupervisionType_SupervisionPumpOperation_AmbientTemperature,7652,Variable
SupervisionType_SupervisionPumpOperation_AmbientTemperature_FalseState,7653,Variable
SupervisionType_SupervisionPumpOperation_AmbientTemperature_TrueState,7654,Variable
SupervisionType_SupervisionPumpOperation_CaseOverheat,7655,Variable
SupervisionType_SupervisionPumpOperation_CaseOverheat_FalseState,7656,Variable
SupervisionType_SupervisionPumpOperation_CaseOverheat_TrueState,7657,Variable
SupervisionType_SupervisionPumpOperation_ControllerOverheat,7658,Variable
SupervisionType_SupervisionPumpOperation_ControllerOverheat_FalseState,7659,Variable
SupervisionType_SupervisionPumpOperation_ControllerOverheat_TrueState,7660,Variable
SupervisionType_SupervisionPumpOperation_ConverterOverheat,7661,Variable
SupervisionType_SupervisionPumpOperation_ConverterOverheat_FalseState,7662,Variable
SupervisionType_SupervisionPumpOperation_ConverterOverheat_TrueState,7663,Variable
SupervisionType_SupervisionPumpOperation_CoolantFlow,7664,Variable
SupervisionType_SupervisionPumpOperation_CoolantFlow_FalseState,7665,Variable
SupervisionType_SupervisionPumpOperation_CoolantFlow_TrueState,7666,Variable
SupervisionType_SupervisionPumpOperation_CoolantHigh,7667,Variable
SupervisionType_SupervisionPumpOperation_CoolantHigh_FalseState,7668,Variable
SupervisionType_SupervisionPumpOperation_CoolantHigh_TrueState,7669,Variable
SupervisionType_SupervisionPumpOperation_CoolantLow,7670,Variable
SupervisionType_SupervisionPumpOperation_CoolantLow_FalseState,7671,Variable
SupervisionType_SupervisionPumpOperation_CoolantLow_TrueState,7672,Variable
SupervisionType_SupervisionPumpOperation_CoolantOverheat,7673,Variable
SupervisionType_SupervisionPumpOperation_CoolantOverheat_FalseState,7674,Variable
SupervisionType_SupervisionPumpOperation_CoolantOverheat_TrueState,7675,Variable
SupervisionType_SupervisionPumpOperation_Deceleration,7676,Variable
SupervisionType_SupervisionPumpOperation_Deceleration_FalseState,7677,Variable
SupervisionType_SupervisionPumpOperation_Deceleration_TrueState,7678,Variable
SupervisionType_SupervisionPumpOperation_DirtyImpeller,7679,Variable
SupervisionType_SupervisionPumpOperation_DirtyImpeller_FalseState,7680,Variable
SupervisionType_SupervisionPumpOperation_DirtyImpeller_TrueState,7681,Variable
SupervisionType_SupervisionPumpOperation_DriveOverheat,7682,Variable
SupervisionType_SupervisionPumpOperation_DriveOverheat_FalseState,7683,Variable
SupervisionType_SupervisionPumpOperation_DriveOverheat_TrueState,7684,Variable
SupervisionType_SupervisionPumpOperation_GeneratorOperation,7685,Variable
SupervisionType_SupervisionPumpOperation_GeneratorOperation_FalseState,7686,Variable
SupervisionType_SupervisionPumpOperation_GeneratorOperation_TrueState,7687,Variable
SupervisionType_SupervisionPumpOperation_Leakage,7688,Variable
SupervisionType_SupervisionPumpOperation_Leakage_FalseState,7689,Variable
SupervisionType_SupervisionPumpOperation_Leakage_TrueState,7690,Variable
SupervisionType_SupervisionPumpOperation_Lubricant,7691,Variable
SupervisionType_SupervisionPumpOperation_Lubricant_FalseState,7692,Variable
SupervisionType_SupervisionPumpOperation_Lubricant_TrueState,7693,Variable
SupervisionType_SupervisionPumpOperation_MaximumNumberStarts,7694,Variable
SupervisionType_SupervisionPumpOperation_MaximumNumberStarts_FalseState,7695,Variable
SupervisionType_SupervisionPumpOperation_MaximumNumberStarts_TrueState,7696,Variable
DesignType_BalancingRateOfFlow,7697,Variable
DesignType_BalancingRateOfFlow_Definition,7698,Variable
DesignType_ClearanceVolume_Definition,7699,Variable
DesignType_BalancingRateOfFlow_EngineeringUnits,7700,Variable
DesignType_BasePressure,7701,Variable
DesignType_ClearanceVolume,7702,Variable
DesignType_CriticalSpeed,7703,Variable
DesignType_DesignAxialLoad,7704,Variable
DesignType_DesignRadialLoad,7705,Variable
DesignType_DryCriticalSpeed,7706,Variable
DesignType_GeometricalFlow,7707,Variable
DesignType_GeometricDisplacementVolume,7708,Variable
DesignType_HeadAtPeakPoint,7709,Variable
DesignType_LeakageRateOfFlow,7710,Variable
DesignType_MaximumAllowableAmbientTemperature,7711,Variable
DesignType_MaximumAllowableCasingWorkingPressure,7712,Variable
DesignType_MaximumAllowableContinuousSpeed,7713,Variable
DesignType_MaximumAllowableHead,7714,Variable
DesignType_MaximumAllowableRelativeHumidity,7715,Variable
DesignType_MaximumAllowableTemperature,7716,Variable
DesignType_MaximumAllowableThroughput,7717,Variable
DesignType_MaximumAllowableWorkingPressure,7718,Variable
DesignType_MaximumAxialLoad,7719,Variable
DesignType_MaximumPumpPowerInput,7720,Variable
DesignType_MaximumRadialLoad,7721,Variable
DesignType_MaximumStaticSealingPressure,7722,Variable
DesignType_MeanTimebetweenFailures,7723,Variable
DesignType_MinimumAllowableAmbientTemperature,7724,Variable
DesignType_MinimumAllowableContinuousSpeed,7725,Variable
DesignType_MinimumAllowableHead,7726,Variable
DesignType_MinimumAllowableRelativeHumidity,7727,Variable
DesignType_MinimumAllowableTemperature,7728,Variable
DesignType_MinimumAllowableThermalFlow,7729,Variable
DesignType_MinimumContinuousStableFlow,7730,Variable
DesignType_MinimumContinuousThermalFlow,7731,Variable
DesignType_NetPositiveSuctionHeadRequired,7732,Variable
DesignType_NetPositiveSuctionHeadRequiredForADropOf3_,7733,Variable
DesignType_OptimumHead,7734,Variable
DesignType_OptimumPumpPowerInput,7735,Variable
DesignType_OptimumRateOfFlow,7736,Variable
DesignType_PistonVelocity,7737,Variable
DesignType_Pre_ChargePressure,7738,Variable
DesignType_Shut_OffHead,7739,Variable
DesignType_Shut_OffPumpPowerInput,7740,Variable
DesignType_SlipFlow,7741,Variable
DesignType_SoundEnergy,7742,Variable
DesignType_SoundEnergyLevel,7743,Variable
DesignType_SoundPower,7744,Variable
DesignType_SoundPowerLevel,7745,Variable
DesignType_SoundPressure,7746,Variable
DesignType_SoundPressureLevel,7747,Variable
DesignType_SpecificSpeed,7748,Variable
DesignType_StandardGasFlowrate,7749,Variable
DesignType_StartingPressure,7750,Variable
DesignType_Suction_SpecificSpeed,7751,Variable
DesignType_SweptVolume,7752,Variable
DesignType_TripSpeed,7753,Variable
DesignType_VolumeFlowRate,7754,Variable
DesignType_VolumeFlowRateOfBackingPump,7755,Variable
DesignType_WarmUpTimeForAVaporJetPumpOrADiffusionPump,7756,Variable
DesignType_WaterVaporTolerableLoad,7757,Variable
DesignType_WetCriticalSpeed,7758,Variable
DesignType_ClockwiseRotation,7759,Variable
DesignType_ClockwiseRotation_FalseState,7760,Variable
DesignType_ClockwiseRotation_TrueState,7761,Variable
DesignType_Controllable,7762,Variable
DesignType_Controllable_FalseState,7763,Variable
DesignType_Controllable_TrueState,7764,Variable
DesignType_Counter_ClockwiseRotation,7765,Variable
DesignType_Counter_ClockwiseRotation_FalseState,7766,Variable
DesignType_Counter_ClockwiseRotation_TrueState,7767,Variable
DesignType_DeclarationOfConformityAvailable,7768,Variable
DesignType_DeclarationOfConformityAvailable_FalseState,7769,Variable
DesignType_DeclarationOfConformityAvailable_TrueState,7770,Variable
DesignType_Cool_DownTimeForAVaporJetPumpOrADiffusionPump,7771,Variable
DesignType_DeclarationOfConformity,7772,Variable
DesignType_DirectivesOfEUDeclarationOfConformity,7773,Variable
DesignType_ExplosionProtection,7774,Variable
DesignType_OfferedControlModes,7775,Variable
DesignType_OfferedFieldbuses,7776,Variable
DesignType_AdditionalFieldbuses,7777,Variable
DesignType_PossibleFluids,7778,Variable
DesignType_PumpClass,7779,Variable
DesignType_TypeNumber,7780,Variable
DesignType_InstallationNpshCurve_Close,7781,Method
DesignType_InstallationNpshCurve_Close_InputArguments,7782,Variable
DesignType_InstallationNpshCurve_GetPosition,7783,Method
DesignType_InstallationNpshCurve_GetPosition_InputArguments,7784,Variable
DesignType_InstallationNpshCurve_GetPosition_OutputArguments,7785,Variable
DesignType_InstallationNpshCurve_Open,7786,Method
DesignType_InstallationNpshCurve_Open_InputArguments,7787,Variable
DesignType_InstallationNpshCurve_Open_OutputArguments,7788,Variable
DesignType_InstallationNpshCurve_OpenCount,7789,Variable
DesignType_InstallationNpshCurve_Read,7790,Method
DesignType_InstallationNpshCurve_Read_InputArguments,7791,Variable
DesignType_InstallationNpshCurve_Read_OutputArguments,7792,Variable
DesignType_InstallationNpshCurve_SetPosition,7793,Method
DesignType_InstallationNpshCurve_SetPosition_InputArguments,7794,Variable
DesignType_InstallationNpshCurve_Size,7795,Variable
DesignType_InstallationNpshCurve_UserWritable,7796,Variable
DesignType_InstallationNpshCurve_Writable,7797,Variable
DesignType_InstallationNpshCurve_Write,7798,Method
DesignType_InstallationNpshCurve_Write_InputArguments,7799,Variable
DesignType_PumpCurve_Close,7800,Method
DesignType_PumpCurve_Close_InputArguments,7801,Variable
DesignType_PumpCurve_GetPosition,7802,Method
DesignType_PumpCurve_GetPosition_InputArguments,7803,Variable
DesignType_PumpCurve_GetPosition_OutputArguments,7804,Variable
DesignType_PumpCurve_Open,7805,Method
DesignType_PumpCurve_Open_InputArguments,7806,Variable
DesignType_PumpCurve_Open_OutputArguments,7807,Variable
DesignType_PumpCurve_OpenCount,7808,Variable
DesignType_PumpCurve_Read,7809,Method
DesignType_PumpCurve_Read_InputArguments,7810,Variable
DesignType_PumpCurve_Read_OutputArguments,7811,Variable
DesignType_PumpCurve_SetPosition,7812,Method
DesignType_PumpCurve_SetPosition_InputArguments,7813,Variable
DesignType_PumpCurve_Size,7814,Variable
DesignType_PumpCurve_UserWritable,7815,Variable
DesignType_PumpCurve_Writable,7816,Variable
DesignType_PumpCurve_Write,7817,Method
DesignType_PumpCurve_Write_InputArguments,7818,Variable
DesignType_PumpEfficiencyCurve_Close,7819,Method
DesignType_PumpEfficiencyCurve_Close_InputArguments,7820,Variable
DesignType_PumpEfficiencyCurve_GetPosition,7821,Method
DesignType_PumpEfficiencyCurve_GetPosition_InputArguments,7822,Variable
DesignType_PumpEfficiencyCurve_GetPosition_OutputArguments,7823,Variable
DesignType_PumpEfficiencyCurve_Open,7824,Method
DesignType_PumpEfficiencyCurve_Open_InputArguments,7825,Variable
DesignType_PumpEfficiencyCurve_Open_OutputArguments,7826,Variable
DesignType_PumpEfficiencyCurve_OpenCount,7827,Variable
DesignType_PumpEfficiencyCurve_Read,7828,Method
DesignType_PumpEfficiencyCurve_Read_InputArguments,7829,Variable
DesignType_PumpEfficiencyCurve_Read_OutputArguments,7830,Variable
DesignType_PumpEfficiencyCurve_SetPosition,7831,Method
DesignType_PumpEfficiencyCurve_SetPosition_InputArguments,7832,Variable
DesignType_PumpEfficiencyCurve_Size,7833,Variable
DesignType_PumpEfficiencyCurve_UserWritable,7834,Variable
DesignType_PumpEfficiencyCurve_Writable,7835,Variable
DesignType_PumpEfficiencyCurve_Write,7836,Method
DesignType_PumpEfficiencyCurve_Write_InputArguments,7837,Variable
DesignType_PumpH_Q_Curve_Close,7838,Method
DesignType_PumpH_Q_Curve_Close_InputArguments,7839,Variable
DesignType_PumpH_Q_Curve_GetPosition,7840,Method
DesignType_PumpH_Q_Curve_GetPosition_InputArguments,7841,Variable
DesignType_PumpH_Q_Curve_GetPosition_OutputArguments,7842,Variable
DesignType_PumpH_Q_Curve_Open,7843,Method
DesignType_PumpH_Q_Curve_Open_InputArguments,7844,Variable
DesignType_PumpH_Q_Curve_Open_OutputArguments,7845,Variable
DesignType_PumpH_Q_Curve_OpenCount,7846,Variable
DesignType_PumpH_Q_Curve_Read,7847,Method
DesignType_PumpH_Q_Curve_Read_InputArguments,7848,Variable
DesignType_PumpH_Q_Curve_Read_OutputArguments,7849,Variable
DesignType_PumpH_Q_Curve_SetPosition,7850,Method
DesignType_PumpH_Q_Curve_SetPosition_InputArguments,7851,Variable
DesignType_PumpH_Q_Curve_Size,7852,Variable
DesignType_PumpH_Q_Curve_UserWritable,7853,Variable
DesignType_PumpH_Q_Curve_Writable,7854,Variable
DesignType_PumpH_Q_Curve_Write,7855,Method
DesignType_PumpH_Q_Curve_Write_InputArguments,7856,Variable
DesignType_PumpNpshCurve_Close,7857,Method
DesignType_PumpNpshCurve_Close_InputArguments,7858,Variable
DesignType_PumpNpshCurve_GetPosition,7859,Method
DesignType_PumpNpshCurve_GetPosition_InputArguments,7860,Variable
DesignType_PumpNpshCurve_GetPosition_OutputArguments,7861,Variable
DesignType_PumpNpshCurve_Open,7862,Method
DesignType_PumpNpshCurve_Open_InputArguments,7863,Variable
DesignType_PumpNpshCurve_Open_OutputArguments,7864,Variable
DesignType_PumpNpshCurve_OpenCount,7865,Variable
DesignType_PumpNpshCurve_Read,7866,Method
DesignType_PumpNpshCurve_Read_InputArguments,7867,Variable
DesignType_PumpNpshCurve_Read_OutputArguments,7868,Variable
DesignType_PumpNpshCurve_SetPosition,7869,Method
DesignType_PumpNpshCurve_SetPosition_InputArguments,7870,Variable
DesignType_PumpNpshCurve_Size,7871,Variable
DesignType_PumpNpshCurve_UserWritable,7872,Variable
DesignType_PumpNpshCurve_Writable,7873,Variable
DesignType_PumpNpshCurve_Write,7874,Method
DesignType_PumpNpshCurve_Write_InputArguments,7875,Variable
DesignType_PumpPowerInputCurve_Close,7876,Method
DesignType_PumpPowerInputCurve_Close_InputArguments,7877,Variable
DesignType_PumpPowerInputCurve_GetPosition,7878,Method
DesignType_PumpPowerInputCurve_GetPosition_InputArguments,7879,Variable
DesignType_PumpPowerInputCurve_GetPosition_OutputArguments,7880,Variable
DesignType_PumpPowerInputCurve_Open,7881,Method
DesignType_PumpPowerInputCurve_Open_InputArguments,7882,Variable
DesignType_PumpPowerInputCurve_Open_OutputArguments,7883,Variable
DesignType_PumpPowerInputCurve_OpenCount,7884,Variable
DesignType_PumpPowerInputCurve_Read,7885,Method
DesignType_PumpPowerInputCurve_Read_InputArguments,7886,Variable
DesignType_PumpPowerInputCurve_Read_OutputArguments,7887,Variable
DesignType_PumpPowerInputCurve_SetPosition,7888,Method
DesignType_PumpPowerInputCurve_SetPosition_InputArguments,7889,Variable
DesignType_PumpPowerInputCurve_Size,7890,Variable
DesignType_PumpPowerInputCurve_UserWritable,7891,Variable
DesignType_PumpPowerInputCurve_Writable,7892,Variable
DesignType_PumpPowerInputCurve_Write,7893,Method
DesignType_PumpPowerInputCurve_Write_InputArguments,7894,Variable
DesignType_StablePumpH_Q_Curve_Close,7895,Method
DesignType_StablePumpH_Q_Curve_Close_InputArguments,7896,Variable
DesignType_StablePumpH_Q_Curve_GetPosition,7897,Method
DesignType_StablePumpH_Q_Curve_GetPosition_InputArguments,7898,Variable
DesignType_StablePumpH_Q_Curve_GetPosition_OutputArguments,7899,Variable
DesignType_StablePumpH_Q_Curve_Open,7900,Method
DesignType_StablePumpH_Q_Curve_Open_InputArguments,7901,Variable
DesignType_StablePumpH_Q_Curve_Open_OutputArguments,7902,Variable
DesignType_StablePumpH_Q_Curve_OpenCount,7903,Variable
DesignType_StablePumpH_Q_Curve_Read,7904,Method
DesignType_StablePumpH_Q_Curve_Read_InputArguments,7905,Variable
DesignType_StablePumpH_Q_Curve_Read_OutputArguments,7906,Variable
DesignType_StablePumpH_Q_Curve_SetPosition,7907,Method
DesignType_StablePumpH_Q_Curve_SetPosition_InputArguments,7908,Variable
DesignType_StablePumpH_Q_Curve_Size,7909,Variable
DesignType_StablePumpH_Q_Curve_UserWritable,7910,Variable
DesignType_StablePumpH_Q_Curve_Writable,7911,Variable
DesignType_StablePumpH_Q_Curve_Write,7912,Method
DesignType_StablePumpH_Q_Curve_Write_InputArguments,7913,Variable
ControlType_CommandVariable,7914,Variable
ControlType_CommandVariable_Definition,7915,Variable
ControlType_CommandVariable_EURange,7916,Variable
ControlType_CommandVariable_EngineeringUnits,7917,Variable
ControlType_DeadTime,7918,Variable
ControlType_DerivativeActionCoefficient,7919,Variable
ControlType_FinalControlledVariable,7920,Variable
ControlType_IntegralActionCoefficient,7921,Variable
ControlType_ManipulatedVariable,7922,Variable
ControlType_ProportionalActionCoefficient,7923,Variable
ControlType_ReferenceVariable,7924,Variable
ControlType_OperatingMode,7925,Variable
ControlType_ControlDifferenceVariable,7926,Variable
ControlType_ControlledVariable,7927,Variable
ControlType_ControllerOutputVariable,7928,Variable
ControlType_FeedbackVariable,7929,Variable
ControlType_ControlDifferenceVariable_Definition,7930,Variable
ControlType_ControlDifferenceVariable_EURange,7931,Variable
ControlType_ControlDifferenceVariable_EngineeringUnits,7932,Variable
ControlType_ControlledVariable_Definition,7933,Variable
ControlType_ControlledVariable_EURange,7934,Variable
ControlType_ControlledVariable_EngineeringUnits,7935,Variable
ControlType_ControllerOutputVariable_Definition,7936,Variable
ControlType_ControllerOutputVariable_EURange,7937,Variable
ControlType_ControllerOutputVariable_EngineeringUnits,7938,Variable
ControlType_DeadTime_Definition,7939,Variable
ControlType_DeadTime_EURange,7940,Variable
ControlType_DeadTime_EngineeringUnits,7941,Variable
ControlType_DerivativeActionCoefficient_Definition,7942,Variable
ControlType_DerivativeActionCoefficient_EURange,7943,Variable
ControlType_DerivativeActionCoefficient_EngineeringUnits,7944,Variable
ControlType_FeedbackVariable_Definition,7945,Variable
ControlType_FeedbackVariable_EURange,7946,Variable
ControlType_FeedbackVariable_EngineeringUnits,7947,Variable
ControlType_FinalControlledVariable_Definition,7948,Variable
ControlType_FinalControlledVariable_EURange,7949,Variable
ControlType_FinalControlledVariable_EngineeringUnits,7950,Variable
ControlType_IntegralActionCoefficient_Definition,7951,Variable
ControlType_IntegralActionCoefficient_EURange,7952,Variable
ControlType_IntegralActionCoefficient_EngineeringUnits,7953,Variable
ControlType_ManipulatedVariable_Definition,7954,Variable
ControlType_ManipulatedVariable_EURange,7955,Variable
ControlType_ManipulatedVariable_EngineeringUnits,7956,Variable
ControlType_OperatingMode_Definition,7957,Variable
ControlType_ProportionalActionCoefficient_Definition,7958,Variable
ControlType_ProportionalActionCoefficient_EURange,7959,Variable
ControlType_ProportionalActionCoefficient_EngineeringUnits,7960,Variable
ControlType_ReferenceVariable_Definition,7961,Variable
ControlType_ReferenceVariable_EURange,7962,Variable
ControlType_ReferenceVariable_EngineeringUnits,7963,Variable
SystemRequirementsType_Fieldbus,7964,Variable
SystemRequirementsType_Fieldbus_Definition,7965,Variable
SystemRequirementsType_OperatingMode,7966,Variable
SystemRequirementsType_CompressionRatio,7967,Variable
SystemRequirementsType_ExplosionZone,7968,Variable
SystemRequirementsType_Fluid,7969,Variable
SystemRequirementsType_GasContent,7970,Variable
SystemRequirementsType_HeightOfTheInletSideOfTheInstallation,7971,Variable
SystemRequirementsType_HeightOfTheOutletSideOfTheInstallation,7972,Variable
SystemRequirementsType_HeightOfThePump,7973,Variable
SystemRequirementsType_MaximumAmbientTemperature,7974,Variable
SystemRequirementsType_MaximumFlow,7975,Variable
SystemRequirementsType_MaximumHead,7976,Variable
SystemRequirementsType_MaximumInletPressure,7977,Variable
SystemRequirementsType_MaximumOutletPressure,7978,Variable
SystemRequirementsType_MaximumRelativeHumidity,7979,Variable
SystemRequirementsType_MaximumTemperature,7980,Variable
SystemRequirementsType_MeanTimeBetweenFailures,7981,Variable
SystemRequirementsType_MinimumAmbientTemperature,7982,Variable
SystemRequirementsType_MinimumFlow,7983,Variable
SystemRequirementsType_MinimumHead,7984,Variable
SystemRequirementsType_MinimumInletPressure,7985,Variable
SystemRequirementsType_MinimumOutletPressure,7986,Variable
SystemRequirementsType_MinimumRelativeHumidity,7987,Variable
SystemRequirementsType_MinimumTemperature,7988,Variable
SystemRequirementsType_Multi_Phase,7989,Variable
SystemRequirementsType_Multi_Phase_FalseState,7990,Variable
SystemRequirementsType_Multi_Phase_TrueState,7991,Variable
SystemRequirementsType_NetPositiveInletPressureAvailable,7992,Variable
SystemRequirementsType_NormalFlow,7993,Variable
SystemRequirementsType_NpshDatumPlane,7994,Variable
SystemRequirementsType_RatedInletPressureOfTheInstallation,7995,Variable
SystemRequirementsType_RatedPumpUnitTotalHead,7996,Variable
SystemRequirementsType_ReferencePlane,7997,Variable
SystemRequirementsType_RequiredControlMode,7998,Variable
SystemRequirementsType_RequiredTime,7999,Variable
SystemRequirementsType_SolidContent,8000,Variable
SystemRequirementsType_Throughput,8001,Variable
SystemRequirementsType_UltimatePressureOfAVacuumPump,8002,Variable
SystemRequirementsType_WorkingTemperature,8003,Variable
SystemRequirementsType_CompressionRatio_Definition,8004,Variable
SystemRequirementsType_CompressionRatio_EURange,8005,Variable
SystemRequirementsType_CompressionRatio_EngineeringUnits,8006,Variable
SystemRequirementsType_ExplosionZone_Definition,8007,Variable
SystemRequirementsType_Fluid_Definition,8008,Variable
SystemRequirementsType_GasContent_Definition,8009,Variable
SystemRequirementsType_GasContent_EURange,8010,Variable
SystemRequirementsType_GasContent_EngineeringUnits,8011,Variable
SystemRequirementsType_HeightOfTheInletSideOfTheInstallation_Definition,8012,Variable
SystemRequirementsType_HeightOfTheInletSideOfTheInstallation_EURange,8013,Variable
SystemRequirementsType_HeightOfTheInletSideOfTheInstallation_EngineeringUnits,8014,Variable
SystemRequirementsType_HeightOfTheOutletSideOfTheInstallation_Definition,8015,Variable
SystemRequirementsType_HeightOfTheOutletSideOfTheInstallation_EURange,8016,Variable
SystemRequirementsType_HeightOfTheOutletSideOfTheInstallation_EngineeringUnits,8017,Variable
SystemRequirementsType_HeightOfThePump_Definition,8018,Variable
SystemRequirementsType_HeightOfThePump_EURange,8019,Variable
SystemRequirementsType_HeightOfThePump_EngineeringUnits,8020,Variable
SystemRequirementsType_MaximumAmbientTemperature_Definition,8021,Variable
SystemRequirementsType_MaximumAmbientTemperature_EURange,8022,Variable
SystemRequirementsType_MaximumAmbientTemperature_EngineeringUnits,8023,Variable
SystemRequirementsType_MaximumFlow_Definition,8024,Variable
SystemRequirementsType_MaximumFlow_EURange,8025,Variable
SystemRequirementsType_MaximumFlow_EngineeringUnits,8026,Variable
SystemRequirementsType_MaximumHead_Definition,8027,Variable
SystemRequirementsType_MaximumHead_EURange,8028,Variable
SystemRequirementsType_MaximumHead_EngineeringUnits,8029,Variable
SystemRequirementsType_MaximumInletPressure_Definition,8030,Variable
SystemRequirementsType_MaximumInletPressure_EURange,8031,Variable
SystemRequirementsType_MaximumInletPressure_EngineeringUnits,8032,Variable
SystemRequirementsType_MaximumOutletPressure_Definition,8033,Variable
SystemRequirementsType_MaximumOutletPressure_EURange,8034,Variable
SystemRequirementsType_MaximumOutletPressure_EngineeringUnits,8035,Variable
SystemRequirementsType_MaximumRelativeHumidity_Definition,8036,Variable
SystemRequirementsType_MaximumRelativeHumidity_EURange,8037,Variable
SystemRequirementsType_MaximumRelativeHumidity_EngineeringUnits,8038,Variable
SystemRequirementsType_MaximumTemperature_Definition,8039,Variable
SystemRequirementsType_MaximumTemperature_EURange,8040,Variable
SystemRequirementsType_MaximumTemperature_EngineeringUnits,8041,Variable
SystemRequirementsType_MeanTimeBetweenFailures_Definition,8042,Variable
SystemRequirementsType_MeanTimeBetweenFailures_EURange,8043,Variable
SystemRequirementsType_MeanTimeBetweenFailures_EngineeringUnits,8044,Variable
SystemRequirementsType_MinimumAmbientTemperature_Definition,8045,Variable
SystemRequirementsType_MinimumAmbientTemperature_EURange,8046,Variable
SystemRequirementsType_MinimumAmbientTemperature_EngineeringUnits,8047,Variable
SystemRequirementsType_MinimumFlow_Definition,8048,Variable
SystemRequirementsType_MinimumFlow_EURange,8049,Variable
SystemRequirementsType_MinimumFlow_EngineeringUnits,8050,Variable
SystemRequirementsType_MinimumHead_Definition,8051,Variable
SystemRequirementsType_MinimumHead_EURange,8052,Variable
SystemRequirementsType_MinimumHead_EngineeringUnits,8053,Variable
SystemRequirementsType_MinimumInletPressure_Definition,8054,Variable
SystemRequirementsType_MinimumInletPressure_EURange,8055,Variable
SystemRequirementsType_MinimumInletPressure_EngineeringUnits,8056,Variable
SystemRequirementsType_MinimumOutletPressure_Definition,8057,Variable
SystemRequirementsType_MinimumOutletPressure_EURange,8058,Variable
SystemRequirementsType_MinimumOutletPressure_EngineeringUnits,8059,Variable
SystemRequirementsType_MinimumRelativeHumidity_Definition,8060,Variable
SystemRequirementsType_MinimumRelativeHumidity_EURange,8061,Variable
SystemRequirementsType_MinimumRelativeHumidity_EngineeringUnits,8062,Variable
SystemRequirementsType_MinimumTemperature_Definition,8063,Variable
SystemRequirementsType_MinimumTemperature_EURange,8064,Variable
SystemRequirementsType_MinimumTemperature_EngineeringUnits,8065,Variable
SystemRequirementsType_Multi_Phase_Definition,8066,Variable
SystemRequirementsType_NetPositiveInletPressureAvailable_Definition,8067,Variable
SystemRequirementsType_NetPositiveInletPressureAvailable_EURange,8068,Variable
SystemRequirementsType_NetPositiveInletPressureAvailable_EngineeringUnits,8069,Variable
SystemRequirementsType_NormalFlow_Definition,8070,Variable
SystemRequirementsType_NormalFlow_EURange,8071,Variable
SystemRequirementsType_NormalFlow_EngineeringUnits,8072,Variable
SystemRequirementsType_NpshDatumPlane_Definition,8073,Variable
SystemRequirementsType_NpshDatumPlane_EURange,8074,Variable
SystemRequirementsType_NpshDatumPlane_EngineeringUnits,8075,Variable
SystemRequirementsType_OperatingMode_Definition,8076,Variable
SystemRequirementsType_RatedInletPressureOfTheInstallation_Definition,8077,Variable
SystemRequirementsType_RatedInletPressureOfTheInstallation_EURange,8078,Variable
SystemRequirementsType_RatedInletPressureOfTheInstallation_EngineeringUnits,8079,Variable
SystemRequirementsType_RatedPumpUnitTotalHead_Definition,8080,Variable
SystemRequirementsType_RatedPumpUnitTotalHead_EURange,8081,Variable
SystemRequirementsType_RatedPumpUnitTotalHead_EngineeringUnits,8082,Variable
SystemRequirementsType_ReferencePlane_Definition,8083,Variable
SystemRequirementsType_ReferencePlane_EURange,8084,Variable
SystemRequirementsType_ReferencePlane_EngineeringUnits,8085,Variable
SystemRequirementsType_RequiredControlMode_Definition,8086,Variable
SystemRequirementsType_RequiredTime_Definition,8087,Variable
SystemRequirementsType_RequiredTime_EURange,8088,Variable
SystemRequirementsType_RequiredTime_EngineeringUnits,8089,Variable
SystemRequirementsType_SolidContent_Definition,8090,Variable
SystemRequirementsType_SolidContent_EURange,8091,Variable
SystemRequirementsType_SolidContent_EngineeringUnits,8092,Variable
SystemRequirementsType_Throughput_Definition,8093,Variable
SystemRequirementsType_Throughput_EURange,8094,Variable
SystemRequirementsType_Throughput_EngineeringUnits,8095,Variable
SystemRequirementsType_UltimatePressureOfAVacuumPump_Definition,8096,Variable
SystemRequirementsType_UltimatePressureOfAVacuumPump_EURange,8097,Variable
SystemRequirementsType_UltimatePressureOfAVacuumPump_EngineeringUnits,8098,Variable
SystemRequirementsType_WorkingTemperature_Definition,8099,Variable
SystemRequirementsType_WorkingTemperature_EURange,8100,Variable
SystemRequirementsType_WorkingTemperature_EngineeringUnits,8101,Variable
ImplementationType_AtmosphericPressure,8102,Variable
ImplementationType_Density,8103,Variable
ImplementationType_DynamicViscosity,8104,Variable
ImplementationType_HeightOfTheInletManometer,8105,Variable
ImplementationType_HeightOfTheNpshDatumPlane,8106,Variable
ImplementationType_HeightOfTheOutletManometer,8107,Variable
ImplementationType_HydraulicEfficiency,8108,Variable
ImplementationType_InstallationTotalHead,8109,Variable
ImplementationType_KinematicViscosity,8110,Variable
ImplementationType_MaximumAllowableFlow,8111,Variable
ImplementationType_MaximumDynamicSealingPressure,8112,Variable
ImplementationType_MeanRatedVelocityAtInletAreaOfTheInstallation,8113,Variable
ImplementationType_MeanRatedVelocityAtOutletAreaOfTheInstallation,8114,Variable
ImplementationType_MechanicalEfficiency,8115,Variable
ImplementationType_MinimumAllowableFlow,8116,Variable
ImplementationType_MinimumAllowableStableFlow,8117,Variable
ImplementationType_NetPositiveSuctionHeadAvailable,8118,Variable
ImplementationType_OverallEfficiency,8119,Variable
ImplementationType_PumpBestEfficiency,8120,Variable
ImplementationType_PumpEfficiency,8121,Variable
ImplementationType_PumpMechanicalPowerLosses,8122,Variable
ImplementationType_PumpRatedPowerInput,8123,Variable
ImplementationType_PumpTotalHead,8124,Variable
ImplementationType_RatedDifferentialPressure,8125,Variable
ImplementationType_RatedFlow,8126,Variable
ImplementationType_RatedSpeed,8127,Variable
ImplementationType_TotalHeadAtInletAreaOfTheInstallation,8128,Variable
ImplementationType_TotalHeadAtOutletAreaOfTheInstallation,8129,Variable
ImplementationType_UsefulLife,8130,Variable
ImplementationType_ValveSeatVelocity,8131,Variable
ImplementationType_ValveSpillVelocity,8132,Variable
ImplementationType_VaporPressureOfThePumpedLiquid,8133,Variable
ImplementationType_VolumetricEfficiency,8134,Variable
ImplementationType_AtmosphericPressure_Definition,8135,Variable
ImplementationType_AtmosphericPressure_EURange,8136,Variable
ImplementationType_AtmosphericPressure_EngineeringUnits,8137,Variable
ImplementationType_Density_Definition,8138,Variable
ImplementationType_Density_EURange,8139,Variable
ImplementationType_Density_EngineeringUnits,8140,Variable
ImplementationType_DynamicViscosity_Definition,8141,Variable
ImplementationType_DynamicViscosity_EURange,8142,Variable
ImplementationType_DynamicViscosity_EngineeringUnits,8143,Variable
ImplementationType_HeightOfTheInletManometer_Definition,8144,Variable
ImplementationType_HeightOfTheInletManometer_EURange,8145,Variable
ImplementationType_HeightOfTheInletManometer_EngineeringUnits,8146,Variable
ImplementationType_HeightOfTheNpshDatumPlane_Definition,8147,Variable
ImplementationType_HeightOfTheNpshDatumPlane_EURange,8148,Variable
ImplementationType_HeightOfTheNpshDatumPlane_EngineeringUnits,8149,Variable
ImplementationType_HeightOfTheOutletManometer_Definition,8150,Variable
ImplementationType_HeightOfTheOutletManometer_EURange,8151,Variable
ImplementationType_HeightOfTheOutletManometer_EngineeringUnits,8152,Variable
ImplementationType_HydraulicEfficiency_Definition,8153,Variable
ImplementationType_HydraulicEfficiency_EURange,8154,Variable
ImplementationType_HydraulicEfficiency_EngineeringUnits,8155,Variable
ImplementationType_InstallationTotalHead_Definition,8156,Variable
ImplementationType_InstallationTotalHead_EURange,8157,Variable
ImplementationType_InstallationTotalHead_EngineeringUnits,8158,Variable
ImplementationType_KinematicViscosity_Definition,8159,Variable
ImplementationType_KinematicViscosity_EURange,8160,Variable
ImplementationType_KinematicViscosity_EngineeringUnits,8161,Variable
ImplementationType_MaximumAllowableFlow_Definition,8162,Variable
ImplementationType_MaximumAllowableFlow_EURange,8163,Variable
ImplementationType_MaximumAllowableFlow_EngineeringUnits,8164,Variable
ImplementationType_MaximumDynamicSealingPressure_Definition,8165,Variable
ImplementationType_MaximumDynamicSealingPressure_EURange,8166,Variable
ImplementationType_MaximumDynamicSealingPressure_EngineeringUnits,8167,Variable
ImplementationType_MeanRatedVelocityAtInletAreaOfTheInstallation_Definition,8168,Variable
ImplementationType_MeanRatedVelocityAtInletAreaOfTheInstallation_EURange,8169,Variable
ImplementationType_MeanRatedVelocityAtInletAreaOfTheInstallation_EngineeringUnits,8170,Variable
ImplementationType_MeanRatedVelocityAtOutletAreaOfTheInstallation_Definition,8171,Variable
ImplementationType_MeanRatedVelocityAtOutletAreaOfTheInstallation_EURange,8172,Variable
ImplementationType_MeanRatedVelocityAtOutletAreaOfTheInstallation_EngineeringUnits,8173,Variable
ImplementationType_MechanicalEfficiency_Definition,8174,Variable
ImplementationType_MechanicalEfficiency_EURange,8175,Variable
ImplementationType_MechanicalEfficiency_EngineeringUnits,8176,Variable
ImplementationType_MinimumAllowableFlow_Definition,8177,Variable
ImplementationType_MinimumAllowableFlow_EURange,8178,Variable
ImplementationType_MinimumAllowableFlow_EngineeringUnits,8179,Variable
ImplementationType_MinimumAllowableStableFlow_Definition,8180,Variable
ImplementationType_MinimumAllowableStableFlow_EURange,8181,Variable
ImplementationType_MinimumAllowableStableFlow_EngineeringUnits,8182,Variable
ImplementationType_NetPositiveSuctionHeadAvailable_Definition,8183,Variable
ImplementationType_NetPositiveSuctionHeadAvailable_EURange,8184,Variable
ImplementationType_NetPositiveSuctionHeadAvailable_EngineeringUnits,8185,Variable
ImplementationType_OverallEfficiency_Definition,8186,Variable
ImplementationType_OverallEfficiency_EURange,8187,Variable
ImplementationType_OverallEfficiency_EngineeringUnits,8188,Variable
ImplementationType_PumpBestEfficiency_Definition,8189,Variable
ImplementationType_PumpBestEfficiency_EURange,8190,Variable
ImplementationType_PumpBestEfficiency_EngineeringUnits,8191,Variable
ImplementationType_PumpEfficiency_Definition,8192,Variable
ImplementationType_PumpEfficiency_EURange,8193,Variable
ImplementationType_PumpEfficiency_EngineeringUnits,8194,Variable
ImplementationType_PumpMechanicalPowerLosses_Definition,8195,Variable
ImplementationType_PumpMechanicalPowerLosses_EURange,8196,Variable
ImplementationType_PumpMechanicalPowerLosses_EngineeringUnits,8197,Variable
ImplementationType_PumpRatedPowerInput_Definition,8198,Variable
ImplementationType_PumpRatedPowerInput_EURange,8199,Variable
ImplementationType_PumpRatedPowerInput_EngineeringUnits,8200,Variable
ImplementationType_PumpTotalHead_Definition,8201,Variable
ImplementationType_PumpTotalHead_EURange,8202,Variable
ImplementationType_PumpTotalHead_EngineeringUnits,8203,Variable
ImplementationType_RatedDifferentialPressure_Definition,8204,Variable
ImplementationType_RatedDifferentialPressure_EURange,8205,Variable
ImplementationType_RatedDifferentialPressure_EngineeringUnits,8206,Variable
ImplementationType_RatedFlow_Definition,8207,Variable
ImplementationType_RatedFlow_EURange,8208,Variable
ImplementationType_RatedFlow_EngineeringUnits,8209,Variable
ImplementationType_RatedSpeed_Definition,8210,Variable
ImplementationType_RatedSpeed_EURange,8211,Variable
ImplementationType_RatedSpeed_EngineeringUnits,8212,Variable
ImplementationType_TotalHeadAtInletAreaOfTheInstallation_Definition,8213,Variable
ImplementationType_TotalHeadAtInletAreaOfTheInstallation_EURange,8214,Variable
ImplementationType_TotalHeadAtInletAreaOfTheInstallation_EngineeringUnits,8215,Variable
ImplementationType_TotalHeadAtOutletAreaOfTheInstallation_Definition,8216,Variable
ImplementationType_TotalHeadAtOutletAreaOfTheInstallation_EURange,8217,Variable
ImplementationType_TotalHeadAtOutletAreaOfTheInstallation_EngineeringUnits,8218,Variable
ImplementationType_UsefulLife_Definition,8219,Variable
ImplementationType_UsefulLife_EURange,8220,Variable
ImplementationType_UsefulLife_EngineeringUnits,8221,Variable
ImplementationType_ValveSeatVelocity_Definition,8222,Variable
ImplementationType_ValveSeatVelocity_EURange,8223,Variable
ImplementationType_ValveSeatVelocity_EngineeringUnits,8224,Variable
ImplementationType_ValveSpillVelocity_Definition,8225,Variable
ImplementationType_ValveSpillVelocity_EURange,8226,Variable
ImplementationType_ValveSpillVelocity_EngineeringUnits,8227,Variable
ImplementationType_VaporPressureOfThePumpedLiquid_Definition,8228,Variable
ImplementationType_VaporPressureOfThePumpedLiquid_EURange,8229,Variable
ImplementationType_VaporPressureOfThePumpedLiquid_EngineeringUnits,8230,Variable
ImplementationType_VolumetricEfficiency_Definition,8231,Variable
ImplementationType_VolumetricEfficiency_EURange,8232,Variable
ImplementationType_VolumetricEfficiency_EngineeringUnits,8233,Variable
ConfigurationGroupType_Design_BalancingRateOfFlow,8234,Variable
ConfigurationGroupType_Design_BasePressure,8235,Variable
ConfigurationGroupType_Design_ClearanceVolume,8236,Variable
ConfigurationGroupType_Design_ClockwiseRotation,8237,Variable
ConfigurationGroupType_Design_ClockwiseRotation_FalseState,8238,Variable
ConfigurationGroupType_Design_ClockwiseRotation_TrueState,8239,Variable
ConfigurationGroupType_Design_Controllable,8240,Variable
ConfigurationGroupType_Design_Controllable_FalseState,8241,Variable
ConfigurationGroupType_Design_Controllable_TrueState,8242,Variable
ConfigurationGroupType_Design_Cool_DownTimeForAVaporJetPumpOrADiffusionPump,8243,Variable
ConfigurationGroupType_Design_Counter_ClockwiseRotation,8244,Variable
ConfigurationGroupType_Design_Counter_ClockwiseRotation_FalseState,8245,Variable
ConfigurationGroupType_Design_Counter_ClockwiseRotation_TrueState,8246,Variable
ConfigurationGroupType_Design_CriticalSpeed,8247,Variable
ConfigurationGroupType_Design_DeclarationOfConformity,8248,Variable
ConfigurationGroupType_Design_DeclarationOfConformityAvailable,8249,Variable
ConfigurationGroupType_Design_DeclarationOfConformityAvailable_FalseState,8250,Variable
ConfigurationGroupType_Design_DeclarationOfConformityAvailable_TrueState,8251,Variable
ConfigurationGroupType_Design_DesignAxialLoad,8252,Variable
ConfigurationGroupType_Design_DesignRadialLoad,8253,Variable
ConfigurationGroupType_Design_DirectivesOfEUDeclarationOfConformity,8254,Variable
ConfigurationGroupType_Design_DryCriticalSpeed,8255,Variable
ConfigurationGroupType_Design_ExplosionProtection,8256,Variable
ConfigurationGroupType_Design_GeometricDisplacementVolume,8257,Variable
ConfigurationGroupType_Design_GeometricalFlow,8258,Variable
ConfigurationGroupType_Design_HeadAtPeakPoint,8259,Variable
ConfigurationGroupType_Design_InstallationNpshCurve_Close,8260,Method
ConfigurationGroupType_Design_InstallationNpshCurve_Close_InputArguments,8261,Variable
ConfigurationGroupType_Design_InstallationNpshCurve_GetPosition,8262,Method
ConfigurationGroupType_Design_InstallationNpshCurve_GetPosition_InputArguments,8263,Variable
ConfigurationGroupType_Design_InstallationNpshCurve_GetPosition_OutputArguments,8264,Variable
ConfigurationGroupType_Design_InstallationNpshCurve_Open,8265,Method
ConfigurationGroupType_Design_InstallationNpshCurve_Open_InputArguments,8266,Variable
ConfigurationGroupType_Design_InstallationNpshCurve_Open_OutputArguments,8267,Variable
ConfigurationGroupType_Design_InstallationNpshCurve_OpenCount,8268,Variable
ConfigurationGroupType_Design_InstallationNpshCurve_Read,8269,Method
ConfigurationGroupType_Design_InstallationNpshCurve_Read_InputArguments,8270,Variable
ConfigurationGroupType_Design_InstallationNpshCurve_Read_OutputArguments,8271,Variable
ConfigurationGroupType_Design_InstallationNpshCurve_SetPosition,8272,Method
ConfigurationGroupType_Design_InstallationNpshCurve_SetPosition_InputArguments,8273,Variable
ConfigurationGroupType_Design_InstallationNpshCurve_Size,8274,Variable
ConfigurationGroupType_Design_InstallationNpshCurve_UserWritable,8275,Variable
ConfigurationGroupType_Design_InstallationNpshCurve_Writable,8276,Variable
ConfigurationGroupType_Design_InstallationNpshCurve_Write,8277,Method
ConfigurationGroupType_Design_InstallationNpshCurve_Write_InputArguments,8278,Variable
ConfigurationGroupType_Design_LeakageRateOfFlow,8279,Variable
ConfigurationGroupType_Design_MaximumAllowableAmbientTemperature,8280,Variable
ConfigurationGroupType_Design_MaximumAllowableCasingWorkingPressure,8281,Variable
ConfigurationGroupType_Design_MaximumAllowableContinuousSpeed,8282,Variable
ConfigurationGroupType_Design_MaximumAllowableHead,8283,Variable
ConfigurationGroupType_Design_MaximumAllowableRelativeHumidity,8284,Variable
ConfigurationGroupType_Design_MaximumAllowableTemperature,8285,Variable
ConfigurationGroupType_Design_MaximumAllowableThroughput,8286,Variable
ConfigurationGroupType_Design_MaximumAllowableWorkingPressure,8287,Variable
ConfigurationGroupType_Design_MaximumAxialLoad,8288,Variable
ConfigurationGroupType_Design_MaximumPumpPowerInput,8289,Variable
ConfigurationGroupType_Design_MaximumRadialLoad,8290,Variable
ConfigurationGroupType_Design_MaximumStaticSealingPressure,8291,Variable
ConfigurationGroupType_Design_MeanTimebetweenFailures,8292,Variable
ConfigurationGroupType_Design_MinimumAllowableAmbientTemperature,8293,Variable
ConfigurationGroupType_Design_MinimumAllowableContinuousSpeed,8294,Variable
ConfigurationGroupType_Design_MinimumAllowableHead,8295,Variable
ConfigurationGroupType_Design_MinimumAllowableRelativeHumidity,8296,Variable
ConfigurationGroupType_Design_MinimumAllowableTemperature,8297,Variable
ConfigurationGroupType_Design_MinimumAllowableThermalFlow,8298,Variable
ConfigurationGroupType_Design_MinimumContinuousStableFlow,8299,Variable
ConfigurationGroupType_Design_MinimumContinuousThermalFlow,8300,Variable
ConfigurationGroupType_Design_NetPositiveSuctionHeadRequired,8301,Variable
ConfigurationGroupType_Design_NetPositiveSuctionHeadRequiredForADropOf3Percent,8302,Variable
ConfigurationGroupType_Design_OfferedControlModes,8303,Variable
ConfigurationGroupType_Design_OfferedFieldbuses,8304,Variable
ConfigurationGroupType_Design_AdditionalFieldbuses,8305,Variable
ConfigurationGroupType_Design_OptimumHead,8306,Variable
ConfigurationGroupType_Design_OptimumPumpPowerInput,8307,Variable
ConfigurationGroupType_Design_OptimumRateOfFlow,8308,Variable
ConfigurationGroupType_Design_PistonVelocity,8309,Variable
ConfigurationGroupType_Design_PossibleFluids,8310,Variable
ConfigurationGroupType_Design_Pre_ChargePressure,8311,Variable
ConfigurationGroupType_Design_PumpCurve_Close,8312,Method
ConfigurationGroupType_Design_PumpCurve_Close_InputArguments,8313,Variable
ConfigurationGroupType_Design_PumpCurve_GetPosition,8314,Method
ConfigurationGroupType_Design_PumpCurve_GetPosition_InputArguments,8315,Variable
ConfigurationGroupType_Design_PumpCurve_GetPosition_OutputArguments,8316,Variable
ConfigurationGroupType_Design_PumpCurve_Open,8317,Method
ConfigurationGroupType_Design_PumpCurve_Open_InputArguments,8318,Variable
ConfigurationGroupType_Design_PumpCurve_Open_OutputArguments,8319,Variable
ConfigurationGroupType_Design_PumpCurve_OpenCount,8320,Variable
ConfigurationGroupType_Design_PumpCurve_Read,8321,Method
ConfigurationGroupType_Design_PumpCurve_Read_InputArguments,8322,Variable
ConfigurationGroupType_Design_PumpCurve_Read_OutputArguments,8323,Variable
ConfigurationGroupType_Design_PumpCurve_SetPosition,8324,Method
ConfigurationGroupType_Design_PumpCurve_SetPosition_InputArguments,8325,Variable
ConfigurationGroupType_Design_PumpCurve_Size,8326,Variable
ConfigurationGroupType_Design_PumpCurve_UserWritable,8327,Variable
ConfigurationGroupType_Design_PumpCurve_Writable,8328,Variable
ConfigurationGroupType_Design_PumpCurve_Write,8329,Method
ConfigurationGroupType_Design_PumpCurve_Write_InputArguments,8330,Variable
ConfigurationGroupType_Design_PumpEfficiencyCurve_Close,8331,Method
ConfigurationGroupType_Design_PumpEfficiencyCurve_Close_InputArguments,8332,Variable
ConfigurationGroupType_Design_PumpEfficiencyCurve_GetPosition,8333,Method
ConfigurationGroupType_Design_PumpEfficiencyCurve_GetPosition_InputArguments,8334,Variable
ConfigurationGroupType_Design_PumpEfficiencyCurve_GetPosition_OutputArguments,8335,Variable
ConfigurationGroupType_Design_PumpEfficiencyCurve_Open,8336,Method
ConfigurationGroupType_Design_PumpEfficiencyCurve_Open_InputArguments,8337,Variable
ConfigurationGroupType_Design_PumpEfficiencyCurve_Open_OutputArguments,8338,Variable
ConfigurationGroupType_Design_PumpEfficiencyCurve_OpenCount,8339,Variable
ConfigurationGroupType_Design_PumpEfficiencyCurve_Read,8340,Method
ConfigurationGroupType_Design_PumpEfficiencyCurve_Read_InputArguments,8341,Variable
ConfigurationGroupType_Design_PumpEfficiencyCurve_Read_OutputArguments,8342,Variable
ConfigurationGroupType_Design_PumpEfficiencyCurve_SetPosition,8343,Method
ConfigurationGroupType_Design_PumpEfficiencyCurve_SetPosition_InputArguments,8344,Variable
ConfigurationGroupType_Design_PumpEfficiencyCurve_Size,8345,Variable
ConfigurationGroupType_Design_PumpEfficiencyCurve_UserWritable,8346,Variable
ConfigurationGroupType_Design_PumpEfficiencyCurve_Writable,8347,Variable
ConfigurationGroupType_Design_PumpEfficiencyCurve_Write,8348,Method
ConfigurationGroupType_Design_PumpEfficiencyCurve_Write_InputArguments,8349,Variable
ConfigurationGroupType_Design_PumpH_Q_Curve_Close,8350,Method
ConfigurationGroupType_Design_PumpH_Q_Curve_Close_InputArguments,8351,Variable
ConfigurationGroupType_Design_PumpH_Q_Curve_GetPosition,8352,Method
ConfigurationGroupType_Design_PumpH_Q_Curve_GetPosition_InputArguments,8353,Variable
ConfigurationGroupType_Design_PumpH_Q_Curve_GetPosition_OutputArguments,8354,Variable
ConfigurationGroupType_Design_PumpH_Q_Curve_Open,8355,Method
ConfigurationGroupType_Design_PumpH_Q_Curve_Open_InputArguments,8356,Variable
ConfigurationGroupType_Design_PumpH_Q_Curve_Open_OutputArguments,8357,Variable
ConfigurationGroupType_Design_PumpH_Q_Curve_OpenCount,8358,Variable
ConfigurationGroupType_Design_PumpH_Q_Curve_Read,8359,Method
ConfigurationGroupType_Design_PumpH_Q_Curve_Read_InputArguments,8360,Variable
ConfigurationGroupType_Design_PumpH_Q_Curve_Read_OutputArguments,8361,Variable
ConfigurationGroupType_Design_PumpH_Q_Curve_SetPosition,8362,Method
ConfigurationGroupType_Design_PumpH_Q_Curve_SetPosition_InputArguments,8363,Variable
ConfigurationGroupType_Design_PumpH_Q_Curve_Size,8364,Variable
ConfigurationGroupType_Design_PumpH_Q_Curve_UserWritable,8365,Variable
ConfigurationGroupType_Design_PumpH_Q_Curve_Writable,8366,Variable
ConfigurationGroupType_Design_PumpH_Q_Curve_Write,8367,Method
ConfigurationGroupType_Design_PumpH_Q_Curve_Write_InputArguments,8368,Variable
ConfigurationGroupType_Design_PumpNpshCurve_Close,8369,Method
ConfigurationGroupType_Design_PumpNpshCurve_Close_InputArguments,8370,Variable
ConfigurationGroupType_Design_PumpNpshCurve_GetPosition,8371,Method
ConfigurationGroupType_Design_PumpNpshCurve_GetPosition_InputArguments,8372,Variable
ConfigurationGroupType_Design_PumpNpshCurve_GetPosition_OutputArguments,8373,Variable
ConfigurationGroupType_Design_PumpNpshCurve_Open,8374,Method
ConfigurationGroupType_Design_PumpNpshCurve_Open_InputArguments,8375,Variable
ConfigurationGroupType_Design_PumpNpshCurve_Open_OutputArguments,8376,Variable
ConfigurationGroupType_Design_PumpNpshCurve_OpenCount,8377,Variable
ConfigurationGroupType_Design_PumpNpshCurve_Read,8378,Method
ConfigurationGroupType_Design_PumpNpshCurve_Read_InputArguments,8379,Variable
ConfigurationGroupType_Design_PumpNpshCurve_Read_OutputArguments,8380,Variable
ConfigurationGroupType_Design_PumpNpshCurve_SetPosition,8381,Method
ConfigurationGroupType_Design_PumpNpshCurve_SetPosition_InputArguments,8382,Variable
ConfigurationGroupType_Design_PumpNpshCurve_Size,8383,Variable
ConfigurationGroupType_Design_PumpNpshCurve_UserWritable,8384,Variable
ConfigurationGroupType_Design_PumpNpshCurve_Writable,8385,Variable
ConfigurationGroupType_Design_PumpNpshCurve_Write,8386,Method
ConfigurationGroupType_Design_PumpNpshCurve_Write_InputArguments,8387,Variable
ConfigurationGroupType_Design_PumpPowerInputCurve_Close,8388,Method
ConfigurationGroupType_Design_PumpPowerInputCurve_Close_InputArguments,8389,Variable
ConfigurationGroupType_Design_PumpPowerInputCurve_GetPosition,8390,Method
ConfigurationGroupType_Design_PumpPowerInputCurve_GetPosition_InputArguments,8391,Variable
ConfigurationGroupType_Design_PumpPowerInputCurve_GetPosition_OutputArguments,8392,Variable
ConfigurationGroupType_Design_PumpPowerInputCurve_Open,8393,Method
ConfigurationGroupType_Design_PumpPowerInputCurve_Open_InputArguments,8394,Variable
ConfigurationGroupType_Design_PumpPowerInputCurve_Open_OutputArguments,8395,Variable
ConfigurationGroupType_Design_PumpPowerInputCurve_OpenCount,8396,Variable
ConfigurationGroupType_Design_PumpPowerInputCurve_Read,8397,Method
ConfigurationGroupType_Design_PumpPowerInputCurve_Read_InputArguments,8398,Variable
ConfigurationGroupType_Design_PumpPowerInputCurve_Read_OutputArguments,8399,Variable
ConfigurationGroupType_Design_PumpPowerInputCurve_SetPosition,8400,Method
ConfigurationGroupType_Design_PumpPowerInputCurve_SetPosition_InputArguments,8401,Variable
ConfigurationGroupType_Design_PumpPowerInputCurve_Size,8402,Variable
ConfigurationGroupType_Design_PumpPowerInputCurve_UserWritable,8403,Variable
ConfigurationGroupType_Design_PumpPowerInputCurve_Writable,8404,Variable
ConfigurationGroupType_Design_PumpPowerInputCurve_Write,8405,Method
ConfigurationGroupType_Design_PumpPowerInputCurve_Write_InputArguments,8406,Variable
ConfigurationGroupType_Design_PumpClass,8407,Variable
ConfigurationGroupType_Design_Shut_OffHead,8408,Variable
ConfigurationGroupType_Design_Shut_OffPumpPowerInput,8409,Variable
ConfigurationGroupType_Design_SlipFlow,8410,Variable
ConfigurationGroupType_Design_SoundEnergy,8411,Variable
ConfigurationGroupType_Design_SoundEnergyLevel,8412,Variable
ConfigurationGroupType_Design_SoundPower,8413,Variable
ConfigurationGroupType_Design_SoundPowerLevel,8414,Variable
ConfigurationGroupType_Design_SoundPressure,8415,Variable
ConfigurationGroupType_Design_SoundPressureLevel,8416,Variable
ConfigurationGroupType_Design_SpecificSpeed,8417,Variable
ConfigurationGroupType_Design_StablePumpH_Q_Curve_Close,8418,Method
ConfigurationGroupType_Design_StablePumpH_Q_Curve_Close_InputArguments,8419,Variable
ConfigurationGroupType_Design_StablePumpH_Q_Curve_GetPosition,8420,Method
ConfigurationGroupType_Design_StablePumpH_Q_Curve_GetPosition_InputArguments,8421,Variable
ConfigurationGroupType_Design_StablePumpH_Q_Curve_GetPosition_OutputArguments,8422,Variable
ConfigurationGroupType_Design_StablePumpH_Q_Curve_Open,8423,Method
ConfigurationGroupType_Design_StablePumpH_Q_Curve_Open_InputArguments,8424,Variable
ConfigurationGroupType_Design_StablePumpH_Q_Curve_Open_OutputArguments,8425,Variable
ConfigurationGroupType_Design_StablePumpH_Q_Curve_OpenCount,8426,Variable
ConfigurationGroupType_Design_StablePumpH_Q_Curve_Read,8427,Method
ConfigurationGroupType_Design_StablePumpH_Q_Curve_Read_InputArguments,8428,Variable
ConfigurationGroupType_Design_StablePumpH_Q_Curve_Read_OutputArguments,8429,Variable
ConfigurationGroupType_Design_StablePumpH_Q_Curve_SetPosition,8430,Method
ConfigurationGroupType_Design_StablePumpH_Q_Curve_SetPosition_InputArguments,8431,Variable
ConfigurationGroupType_Design_StablePumpH_Q_Curve_Size,8432,Variable
ConfigurationGroupType_Design_StablePumpH_Q_Curve_UserWritable,8433,Variable
ConfigurationGroupType_Design_StablePumpH_Q_Curve_Writable,8434,Variable
ConfigurationGroupType_Design_StablePumpH_Q_Curve_Write,8435,Method
ConfigurationGroupType_Design_StablePumpH_Q_Curve_Write_InputArguments,8436,Variable
ConfigurationGroupType_Design_StandardGasFlowrate,8437,Variable
ConfigurationGroupType_Design_StartingPressure,8438,Variable
ConfigurationGroupType_Design_Suction_SpecificSpeed,8439,Variable
ConfigurationGroupType_Design_SweptVolume,8440,Variable
ConfigurationGroupType_Design_TripSpeed,8441,Variable
ConfigurationGroupType_Design_TypeNumber,8442,Variable
ConfigurationGroupType_Design_VolumeFlowRate,8443,Variable
ConfigurationGroupType_Design_VolumeFlowRateOfBackingPump,8444,Variable
ConfigurationGroupType_Design_WarmUpTimeForAVaporJetPumpOrADiffusionPump,8445,Variable
ConfigurationGroupType_Design_WaterVaporTolerableLoad,8446,Variable
ConfigurationGroupType_Design_WetCriticalSpeed,8447,Variable
ConfigurationGroupType_Design_BalancingRateOfFlow_Definition,8448,Variable
DesignType_ClearanceVolume_EngineeringUnits,8449,Variable
ConfigurationGroupType_Design_BalancingRateOfFlow_EngineeringUnits,8450,Variable
ConfigurationGroupType_Implementation_AtmosphericPressure,8451,Variable
ConfigurationGroupType_Implementation_Density,8452,Variable
ConfigurationGroupType_Implementation_DynamicViscosity,8453,Variable
ConfigurationGroupType_Implementation_HeightOfTheInletManometer,8454,Variable
ConfigurationGroupType_Implementation_HeightOfTheNpshDatumPlane,8455,Variable
ConfigurationGroupType_Implementation_HeightOfTheOutletManometer,8456,Variable
ConfigurationGroupType_Implementation_HydraulicEfficiency,8457,Variable
ConfigurationGroupType_Implementation_InstallationTotalHead,8458,Variable
ConfigurationGroupType_Implementation_KinematicViscosity,8459,Variable
ConfigurationGroupType_Implementation_MaximumAllowableFlow,8460,Variable
ConfigurationGroupType_Implementation_MaximumDynamicSealingPressure,8461,Variable
ConfigurationGroupType_Implementation_RatedMeanVelocityAtInletAreaOfTheInstallation,8462,Variable
ConfigurationGroupType_Implementation_RatedMeanVelocityAtOutletAreaOfTheInstallation,8463,Variable
ConfigurationGroupType_Implementation_MechanicalEfficiency,8464,Variable
ConfigurationGroupType_Implementation_MinimumAllowableFlow,8465,Variable
ConfigurationGroupType_Implementation_MinimumAllowableStableFlow,8466,Variable
ConfigurationGroupType_Implementation_NetPositiveSuctionHeadAvailable,8467,Variable
ConfigurationGroupType_Implementation_OverallEfficiency,8468,Variable
ConfigurationGroupType_Implementation_PumpBestEfficiency,8469,Variable
ConfigurationGroupType_Implementation_PumpEfficiency,8470,Variable
ConfigurationGroupType_Implementation_PumpMechanicalPowerLosses,8471,Variable
ConfigurationGroupType_Implementation_PumpRatedPowerInput,8472,Variable
ConfigurationGroupType_Implementation_PumpTotalHead,8473,Variable
ConfigurationGroupType_Implementation_RatedDifferentialPressure,8474,Variable
ConfigurationGroupType_Implementation_RatedFlow,8475,Variable
ConfigurationGroupType_Implementation_RatedSpeed,8476,Variable
ConfigurationGroupType_Implementation_TotalHeadAtInletAreaOfTheInstallation,8477,Variable
ConfigurationGroupType_Implementation_TotalHeadAtOutletAreaOfTheInstallation,8478,Variable
ConfigurationGroupType_Implementation_UsefulLife,8479,Variable
ConfigurationGroupType_Implementation_ValveSeatVelocity,8480,Variable
ConfigurationGroupType_Implementation_ValveSpillVelocity,8481,Variable
ConfigurationGroupType_Implementation_VaporPressureOfThePumpedLiquid,8482,Variable
ConfigurationGroupType_Implementation_VolumetricEfficiency,8483,Variable
ConfigurationGroupType_Implementation_AtmosphericPressure_Definition,8484,Variable
ConfigurationGroupType_Implementation_AtmosphericPressure_EURange,8485,Variable
ConfigurationGroupType_Implementation_AtmosphericPressure_EngineeringUnits,8486,Variable
ConfigurationGroupType_Implementation_Density_Definition,8487,Variable
ConfigurationGroupType_Implementation_Density_EURange,8488,Variable
ConfigurationGroupType_Implementation_Density_EngineeringUnits,8489,Variable
ConfigurationGroupType_Implementation_DynamicViscosity_Definition,8490,Variable
ConfigurationGroupType_Implementation_DynamicViscosity_EURange,8491,Variable
ConfigurationGroupType_Implementation_DynamicViscosity_EngineeringUnits,8492,Variable
ConfigurationGroupType_Implementation_HeightOfTheInletManometer_Definition,8493,Variable
ConfigurationGroupType_Implementation_HeightOfTheInletManometer_EURange,8494,Variable
ConfigurationGroupType_Implementation_HeightOfTheInletManometer_EngineeringUnits,8495,Variable
ConfigurationGroupType_Implementation_HeightOfTheNpshDatumPlane_Definition,8496,Variable
ConfigurationGroupType_Implementation_HeightOfTheNpshDatumPlane_EURange,8497,Variable
ConfigurationGroupType_Implementation_HeightOfTheNpshDatumPlane_EngineeringUnits,8498,Variable
ConfigurationGroupType_Implementation_HeightOfTheOutletManometer_Definition,8499,Variable
ConfigurationGroupType_Implementation_HeightOfTheOutletManometer_EURange,8500,Variable
ConfigurationGroupType_Implementation_HeightOfTheOutletManometer_EngineeringUnits,8501,Variable
ConfigurationGroupType_Implementation_HydraulicEfficiency_Definition,8502,Variable
ConfigurationGroupType_Implementation_HydraulicEfficiency_EURange,8503,Variable
ConfigurationGroupType_Implementation_HydraulicEfficiency_EngineeringUnits,8504,Variable
ConfigurationGroupType_Implementation_InstallationTotalHead_Definition,8505,Variable
ConfigurationGroupType_Implementation_InstallationTotalHead_EURange,8506,Variable
ConfigurationGroupType_Implementation_InstallationTotalHead_EngineeringUnits,8507,Variable
ConfigurationGroupType_Implementation_KinematicViscosity_Definition,8508,Variable
ConfigurationGroupType_Implementation_KinematicViscosity_EURange,8509,Variable
ConfigurationGroupType_Implementation_KinematicViscosity_EngineeringUnits,8510,Variable
ConfigurationGroupType_Implementation_MaximumAllowableFlow_Definition,8511,Variable
ConfigurationGroupType_Implementation_MaximumAllowableFlow_EURange,8512,Variable
ConfigurationGroupType_Implementation_MaximumAllowableFlow_EngineeringUnits,8513,Variable
ConfigurationGroupType_Implementation_MaximumDynamicSealingPressure_Definition,8514,Variable
ConfigurationGroupType_Implementation_MaximumDynamicSealingPressure_EURange,8515,Variable
ConfigurationGroupType_Implementation_MaximumDynamicSealingPressure_EngineeringUnits,8516,Variable
ConfigurationGroupType_Implementation_RatedMeanVelocityAtInletAreaOfTheInstallation_Definition,8517,Variable
ConfigurationGroupType_Implementation_RatedMeanVelocityAtInletAreaOfTheInstallation_EURange,8518,Variable
ConfigurationGroupType_Implementation_RatedMeanVelocityAtInletAreaOfTheInstallation_EngineeringUnits,8519,Variable
ConfigurationGroupType_Implementation_RatedMeanVelocityAtOutletAreaOfTheInstallation_Definition,8520,Variable
ConfigurationGroupType_Implementation_RatedMeanVelocityAtOutletAreaOfTheInstallation_EURange,8521,Variable
ConfigurationGroupType_Implementation_RatedMeanVelocityAtOutletAreaOfTheInstallation_EngineeringUnits,8522,Variable
ConfigurationGroupType_Implementation_MechanicalEfficiency_Definition,8523,Variable
ConfigurationGroupType_Implementation_MechanicalEfficiency_EURange,8524,Variable
ConfigurationGroupType_Implementation_MechanicalEfficiency_EngineeringUnits,8525,Variable
ConfigurationGroupType_Implementation_MinimumAllowableFlow_Definition,8526,Variable
ConfigurationGroupType_Implementation_MinimumAllowableFlow_EURange,8527,Variable
ConfigurationGroupType_Implementation_MinimumAllowableFlow_EngineeringUnits,8528,Variable
ConfigurationGroupType_Implementation_MinimumAllowableStableFlow_Definition,8529,Variable
ConfigurationGroupType_Implementation_MinimumAllowableStableFlow_EURange,8530,Variable
ConfigurationGroupType_Implementation_MinimumAllowableStableFlow_EngineeringUnits,8531,Variable
ConfigurationGroupType_Implementation_NetPositiveSuctionHeadAvailable_Definition,8532,Variable
ConfigurationGroupType_Implementation_NetPositiveSuctionHeadAvailable_EURange,8533,Variable
ConfigurationGroupType_Implementation_NetPositiveSuctionHeadAvailable_EngineeringUnits,8534,Variable
ConfigurationGroupType_Implementation_OverallEfficiency_Definition,8535,Variable
ConfigurationGroupType_Implementation_OverallEfficiency_EURange,8536,Variable
ConfigurationGroupType_Implementation_OverallEfficiency_EngineeringUnits,8537,Variable
ConfigurationGroupType_Implementation_PumpBestEfficiency_Definition,8538,Variable
ConfigurationGroupType_Implementation_PumpBestEfficiency_EURange,8539,Variable
ConfigurationGroupType_Implementation_PumpBestEfficiency_EngineeringUnits,8540,Variable
ConfigurationGroupType_Implementation_PumpEfficiency_Definition,8541,Variable
ConfigurationGroupType_Implementation_PumpEfficiency_EURange,8542,Variable
ConfigurationGroupType_Implementation_PumpEfficiency_EngineeringUnits,8543,Variable
ConfigurationGroupType_Implementation_PumpMechanicalPowerLosses_Definition,8544,Variable
ConfigurationGroupType_Implementation_PumpMechanicalPowerLosses_EURange,8545,Variable
ConfigurationGroupType_Implementation_PumpMechanicalPowerLosses_EngineeringUnits,8546,Variable
ConfigurationGroupType_Implementation_PumpRatedPowerInput_Definition,8547,Variable
ConfigurationGroupType_Implementation_PumpRatedPowerInput_EURange,8548,Variable
ConfigurationGroupType_Implementation_PumpRatedPowerInput_EngineeringUnits,8549,Variable
ConfigurationGroupType_Implementation_PumpTotalHead_Definition,8550,Variable
ConfigurationGroupType_Implementation_PumpTotalHead_EURange,8551,Variable
ConfigurationGroupType_Implementation_PumpTotalHead_EngineeringUnits,8552,Variable
ConfigurationGroupType_Implementation_RatedDifferentialPressure_Definition,8553,Variable
ConfigurationGroupType_Implementation_RatedDifferentialPressure_EURange,8554,Variable
ConfigurationGroupType_Implementation_RatedDifferentialPressure_EngineeringUnits,8555,Variable
ConfigurationGroupType_Implementation_RatedFlow_Definition,8556,Variable
ConfigurationGroupType_Implementation_RatedFlow_EURange,8557,Variable
ConfigurationGroupType_Implementation_RatedFlow_EngineeringUnits,8558,Variable
ConfigurationGroupType_Implementation_RatedSpeed_Definition,8559,Variable
ConfigurationGroupType_Implementation_RatedSpeed_EURange,8560,Variable
ConfigurationGroupType_Implementation_RatedSpeed_EngineeringUnits,8561,Variable
ConfigurationGroupType_Implementation_TotalHeadAtInletAreaOfTheInstallation_Definition,8562,Variable
ConfigurationGroupType_Implementation_TotalHeadAtInletAreaOfTheInstallation_EURange,8563,Variable
ConfigurationGroupType_Implementation_TotalHeadAtInletAreaOfTheInstallation_EngineeringUnits,8564,Variable
ConfigurationGroupType_Implementation_TotalHeadAtOutletAreaOfTheInstallation_Definition,8565,Variable
ConfigurationGroupType_Implementation_TotalHeadAtOutletAreaOfTheInstallation_EURange,8566,Variable
ConfigurationGroupType_Implementation_TotalHeadAtOutletAreaOfTheInstallation_EngineeringUnits,8567,Variable
ConfigurationGroupType_Implementation_UsefulLife_Definition,8568,Variable
ConfigurationGroupType_Implementation_UsefulLife_EURange,8569,Variable
ConfigurationGroupType_Implementation_UsefulLife_EngineeringUnits,8570,Variable
ConfigurationGroupType_Implementation_ValveSeatVelocity_Definition,8571,Variable
ConfigurationGroupType_Implementation_ValveSeatVelocity_EURange,8572,Variable
ConfigurationGroupType_Implementation_ValveSeatVelocity_EngineeringUnits,8573,Variable
ConfigurationGroupType_Implementation_ValveSpillVelocity_Definition,8574,Variable
ConfigurationGroupType_Implementation_ValveSpillVelocity_EURange,8575,Variable
ConfigurationGroupType_Implementation_ValveSpillVelocity_EngineeringUnits,8576,Variable
ConfigurationGroupType_Implementation_VaporPressureOfThePumpedLiquid_Definition,8577,Variable
ConfigurationGroupType_Implementation_VaporPressureOfThePumpedLiquid_EURange,8578,Variable
ConfigurationGroupType_Implementation_VaporPressureOfThePumpedLiquid_EngineeringUnits,8579,Variable
ConfigurationGroupType_Implementation_VolumetricEfficiency_Definition,8580,Variable
ConfigurationGroupType_Implementation_VolumetricEfficiency_EURange,8581,Variable
ConfigurationGroupType_Implementation_VolumetricEfficiency_EngineeringUnits,8582,Variable
ConfigurationGroupType_SystemRequirements_CompressionRatio,8583,Variable
ConfigurationGroupType_SystemRequirements_ExplosionZone,8584,Variable
ConfigurationGroupType_SystemRequirements_Fieldbus,8585,Variable
ConfigurationGroupType_SystemRequirements_Fluid,8586,Variable
ConfigurationGroupType_SystemRequirements_GasContent,8587,Variable
ConfigurationGroupType_SystemRequirements_HeightOfTheInletSideOfTheInstallation,8588,Variable
ConfigurationGroupType_SystemRequirements_HeightOfTheOutletSideOfTheInstallation,8589,Variable
ConfigurationGroupType_SystemRequirements_HeightOfThePump,8590,Variable
ConfigurationGroupType_SystemRequirements_MaximumAmbientTemperature,8591,Variable
ConfigurationGroupType_SystemRequirements_MaximumFlow,8592,Variable
ConfigurationGroupType_SystemRequirements_MaximumHead,8593,Variable
ConfigurationGroupType_SystemRequirements_MaximumInletPressure,8594,Variable
ConfigurationGroupType_SystemRequirements_MaximumOutletPressure,8595,Variable
ConfigurationGroupType_SystemRequirements_MaximumRelativeHumidity,8596,Variable
ConfigurationGroupType_SystemRequirements_MaximumTemperature,8597,Variable
ConfigurationGroupType_SystemRequirements_MeanTimeBetweenFailures,8598,Variable
ConfigurationGroupType_SystemRequirements_MinimumAmbientTemperature,8599,Variable
ConfigurationGroupType_SystemRequirements_MinimumFlow,8600,Variable
ConfigurationGroupType_SystemRequirements_MinimumHead,8601,Variable
ConfigurationGroupType_SystemRequirements_MinimumInletPressure,8602,Variable
ConfigurationGroupType_SystemRequirements_MinimumOutletPressure,8603,Variable
ConfigurationGroupType_SystemRequirements_MinimumRelativeHumidity,8604,Variable
ConfigurationGroupType_SystemRequirements_MinimumTemperature,8605,Variable
ConfigurationGroupType_SystemRequirements_Multi_Phase,8606,Variable
ConfigurationGroupType_SystemRequirements_Multi_Phase_FalseState,8607,Variable
ConfigurationGroupType_SystemRequirements_Multi_Phase_TrueState,8608,Variable
ConfigurationGroupType_SystemRequirements_NetPositiveInletPressureAvailable,8609,Variable
ConfigurationGroupType_SystemRequirements_NormalFlow,8610,Variable
ConfigurationGroupType_SystemRequirements_NpshDatumPlane,8611,Variable
ConfigurationGroupType_SystemRequirements_OperatingMode,8612,Variable
ConfigurationGroupType_SystemRequirements_RatedInletPressureOfTheInstallation,8613,Variable
ConfigurationGroupType_SystemRequirements_RatedPumpUnitTotalHead,8614,Variable
ConfigurationGroupType_SystemRequirements_ReferencePlane,8615,Variable
ConfigurationGroupType_SystemRequirements_RequiredControlMode,8616,Variable
ConfigurationGroupType_SystemRequirements_RequiredTime,8617,Variable
ConfigurationGroupType_SystemRequirements_SolidContent,8618,Variable
ConfigurationGroupType_SystemRequirements_Throughput,8619,Variable
ConfigurationGroupType_SystemRequirements_UltimatePressureOfAVacuumPump,8620,Variable
ConfigurationGroupType_SystemRequirements_WorkingTemperature,8621,Variable
ConfigurationGroupType_SystemRequirements_CompressionRatio_Definition,8622,Variable
ConfigurationGroupType_SystemRequirements_CompressionRatio_EURange,8623,Variable
ConfigurationGroupType_SystemRequirements_CompressionRatio_EngineeringUnits,8624,Variable
ConfigurationGroupType_SystemRequirements_ExplosionZone_Definition,8625,Variable
ConfigurationGroupType_SystemRequirements_Fieldbus_Definition,8626,Variable
ConfigurationGroupType_SystemRequirements_Fluid_Definition,8627,Variable
ConfigurationGroupType_SystemRequirements_GasContent_Definition,8628,Variable
ConfigurationGroupType_SystemRequirements_GasContent_EURange,8629,Variable
ConfigurationGroupType_SystemRequirements_GasContent_EngineeringUnits,8630,Variable
ConfigurationGroupType_SystemRequirements_HeightOfTheInletSideOfTheInstallation_Definition,8631,Variable
ConfigurationGroupType_SystemRequirements_HeightOfTheInletSideOfTheInstallation_EURange,8632,Variable
ConfigurationGroupType_SystemRequirements_HeightOfTheInletSideOfTheInstallation_EngineeringUnits,8633,Variable
ConfigurationGroupType_SystemRequirements_HeightOfTheOutletSideOfTheInstallation_Definition,8634,Variable
ConfigurationGroupType_SystemRequirements_HeightOfTheOutletSideOfTheInstallation_EURange,8635,Variable
ConfigurationGroupType_SystemRequirements_HeightOfTheOutletSideOfTheInstallation_EngineeringUnits,8636,Variable
ConfigurationGroupType_SystemRequirements_HeightOfThePump_Definition,8637,Variable
ConfigurationGroupType_SystemRequirements_HeightOfThePump_EURange,8638,Variable
ConfigurationGroupType_SystemRequirements_HeightOfThePump_EngineeringUnits,8639,Variable
ConfigurationGroupType_SystemRequirements_MaximumAmbientTemperature_Definition,8640,Variable
ConfigurationGroupType_SystemRequirements_MaximumAmbientTemperature_EURange,8641,Variable
ConfigurationGroupType_SystemRequirements_MaximumAmbientTemperature_EngineeringUnits,8642,Variable
ConfigurationGroupType_SystemRequirements_MaximumFlow_Definition,8643,Variable
ConfigurationGroupType_SystemRequirements_MaximumFlow_EURange,8644,Variable
ConfigurationGroupType_SystemRequirements_MaximumFlow_EngineeringUnits,8645,Variable
ConfigurationGroupType_SystemRequirements_MaximumHead_Definition,8646,Variable
ConfigurationGroupType_SystemRequirements_MaximumHead_EURange,8647,Variable
ConfigurationGroupType_SystemRequirements_MaximumHead_EngineeringUnits,8648,Variable
ConfigurationGroupType_SystemRequirements_MaximumInletPressure_Definition,8649,Variable
ConfigurationGroupType_SystemRequirements_MaximumInletPressure_EURange,8650,Variable
ConfigurationGroupType_SystemRequirements_MaximumInletPressure_EngineeringUnits,8651,Variable
ConfigurationGroupType_SystemRequirements_MaximumOutletPressure_Definition,8652,Variable
ConfigurationGroupType_SystemRequirements_MaximumOutletPressure_EURange,8653,Variable
ConfigurationGroupType_SystemRequirements_MaximumOutletPressure_EngineeringUnits,8654,Variable
ConfigurationGroupType_SystemRequirements_MaximumRelativeHumidity_Definition,8655,Variable
ConfigurationGroupType_SystemRequirements_MaximumRelativeHumidity_EURange,8656,Variable
ConfigurationGroupType_SystemRequirements_MaximumRelativeHumidity_EngineeringUnits,8657,Variable
ConfigurationGroupType_SystemRequirements_MaximumTemperature_Definition,8658,Variable
ConfigurationGroupType_SystemRequirements_MaximumTemperature_EURange,8659,Variable
ConfigurationGroupType_SystemRequirements_MaximumTemperature_EngineeringUnits,8660,Variable
ConfigurationGroupType_SystemRequirements_MeanTimeBetweenFailures_Definition,8661,Variable
ConfigurationGroupType_SystemRequirements_MeanTimeBetweenFailures_EURange,8662,Variable
ConfigurationGroupType_SystemRequirements_MeanTimeBetweenFailures_EngineeringUnits,8663,Variable
ConfigurationGroupType_SystemRequirements_MinimumAmbientTemperature_Definition,8664,Variable
ConfigurationGroupType_SystemRequirements_MinimumAmbientTemperature_EURange,8665,Variable
ConfigurationGroupType_SystemRequirements_MinimumAmbientTemperature_EngineeringUnits,8666,Variable
ConfigurationGroupType_SystemRequirements_MinimumFlow_Definition,8667,Variable
ConfigurationGroupType_SystemRequirements_MinimumFlow_EURange,8668,Variable
ConfigurationGroupType_SystemRequirements_MinimumFlow_EngineeringUnits,8669,Variable
ConfigurationGroupType_SystemRequirements_MinimumHead_Definition,8670,Variable
ConfigurationGroupType_SystemRequirements_MinimumHead_EURange,8671,Variable
ConfigurationGroupType_SystemRequirements_MinimumHead_EngineeringUnits,8672,Variable
ConfigurationGroupType_SystemRequirements_MinimumInletPressure_Definition,8673,Variable
ConfigurationGroupType_SystemRequirements_MinimumInletPressure_EURange,8674,Variable
ConfigurationGroupType_SystemRequirements_MinimumInletPressure_EngineeringUnits,8675,Variable
ConfigurationGroupType_SystemRequirements_MinimumOutletPressure_Definition,8676,Variable
ConfigurationGroupType_SystemRequirements_MinimumOutletPressure_EURange,8677,Variable
ConfigurationGroupType_SystemRequirements_MinimumOutletPressure_EngineeringUnits,8678,Variable
ConfigurationGroupType_SystemRequirements_MinimumRelativeHumidity_Definition,8679,Variable
ConfigurationGroupType_SystemRequirements_MinimumRelativeHumidity_EURange,8680,Variable
ConfigurationGroupType_SystemRequirements_MinimumRelativeHumidity_EngineeringUnits,8681,Variable
ConfigurationGroupType_SystemRequirements_MinimumTemperature_Definition,8682,Variable
ConfigurationGroupType_SystemRequirements_MinimumTemperature_EURange,8683,Variable
ConfigurationGroupType_SystemRequirements_MinimumTemperature_EngineeringUnits,8684,Variable
ConfigurationGroupType_SystemRequirements_Multi_Phase_Definition,8685,Variable
ConfigurationGroupType_SystemRequirements_NetPositiveInletPressureAvailable_Definition,8686,Variable
ConfigurationGroupType_SystemRequirements_NetPositiveInletPressureAvailable_EURange,8687,Variable
ConfigurationGroupType_SystemRequirements_NetPositiveInletPressureAvailable_EngineeringUnits,8688,Variable
ConfigurationGroupType_SystemRequirements_NormalFlow_Definition,8689,Variable
ConfigurationGroupType_SystemRequirements_NormalFlow_EURange,8690,Variable
ConfigurationGroupType_SystemRequirements_NormalFlow_EngineeringUnits,8691,Variable
ConfigurationGroupType_SystemRequirements_NpshDatumPlane_Definition,8692,Variable
ConfigurationGroupType_SystemRequirements_NpshDatumPlane_EURange,8693,Variable
ConfigurationGroupType_SystemRequirements_NpshDatumPlane_EngineeringUnits,8694,Variable
ConfigurationGroupType_SystemRequirements_OperatingMode_Definition,8695,Variable
ConfigurationGroupType_SystemRequirements_RatedInletPressureOfTheInstallation_Definition,8696,Variable
ConfigurationGroupType_SystemRequirements_RatedInletPressureOfTheInstallation_EURange,8697,Variable
ConfigurationGroupType_SystemRequirements_RatedInletPressureOfTheInstallation_EngineeringUnits,8698,Variable
ConfigurationGroupType_SystemRequirements_RatedPumpUnitTotalHead_Definition,8699,Variable
ConfigurationGroupType_SystemRequirements_RatedPumpUnitTotalHead_EURange,8700,Variable
ConfigurationGroupType_SystemRequirements_RatedPumpUnitTotalHead_EngineeringUnits,8701,Variable
ConfigurationGroupType_SystemRequirements_ReferencePlane_Definition,8702,Variable
ConfigurationGroupType_SystemRequirements_ReferencePlane_EURange,8703,Variable
ConfigurationGroupType_SystemRequirements_ReferencePlane_EngineeringUnits,8704,Variable
ConfigurationGroupType_SystemRequirements_RequiredControlMode_Definition,8705,Variable
ConfigurationGroupType_SystemRequirements_RequiredTime_Definition,8706,Variable
ConfigurationGroupType_SystemRequirements_RequiredTime_EURange,8707,Variable
ConfigurationGroupType_SystemRequirements_RequiredTime_EngineeringUnits,8708,Variable
ConfigurationGroupType_SystemRequirements_SolidContent_Definition,8709,Variable
ConfigurationGroupType_SystemRequirements_SolidContent_EURange,8710,Variable
ConfigurationGroupType_SystemRequirements_SolidContent_EngineeringUnits,8711,Variable
ConfigurationGroupType_SystemRequirements_Throughput_Definition,8712,Variable
ConfigurationGroupType_SystemRequirements_Throughput_EURange,8713,Variable
ConfigurationGroupType_SystemRequirements_Throughput_EngineeringUnits,8714,Variable
ConfigurationGroupType_SystemRequirements_UltimatePressureOfAVacuumPump_Definition,8715,Variable
ConfigurationGroupType_SystemRequirements_UltimatePressureOfAVacuumPump_EURange,8716,Variable
ConfigurationGroupType_SystemRequirements_UltimatePressureOfAVacuumPump_EngineeringUnits,8717,Variable
ConfigurationGroupType_SystemRequirements_WorkingTemperature_Definition,8718,Variable
ConfigurationGroupType_SystemRequirements_WorkingTemperature_EURange,8719,Variable
ConfigurationGroupType_SystemRequirements_WorkingTemperature_EngineeringUnits,8720,Variable
ActuationType_OnOff,8721,Variable
ActuationType_OnOff_FalseState,8722,Variable
ActuationType_OnOff_TrueState,8723,Variable
ActuationType_OnOff_Definition,8724,Variable
ActuationType_Status,8725,Variable
ActuationType_Status_FalseState,8726,Variable
ActuationType_Status_TrueState,8727,Variable
ActuationType_FaultAction,8728,Variable
ActuationType_FaultAction_FalseState,8729,Variable
ActuationType_FaultAction_TrueState,8730,Variable
ActuationType_FaultAction_Definition,8731,Variable
ActuationType_Status_Definition,8732,Variable
ActuationType_FaultValue,8733,Variable
ActuationType_FeedbackVariable,8734,Variable
ActuationType_FeedbackVariable_EngineeringUnits,8735,Variable
ActuationType_ReferenceVariable,8736,Variable
ActuationType_ReferenceVariable_EngineeringUnits,8737,Variable
ActuationType_ManipulatedValue,8738,Variable
ActuationType_FaultValue_Definition,8739,Variable
ActuationType_FaultValue_EURange,8740,Variable
ActuationType_FaultValue_EngineeringUnits,8741,Variable
ActuationType_FeedbackVariable_Definition,8742,Variable
ActuationType_FeedbackVariable_EURange,8743,Variable
ActuationType_ManipulatedValue_Definition,8744,Variable
ActuationType_ManipulatedValue_EURange,8745,Variable
ActuationType_ManipulatedValue_EngineeringUnits,8746,Variable
ActuationType_ReferenceVariable_Definition,8747,Variable
ActuationType_ReferenceVariable_EURange,8748,Variable
PumpActuationType_SetOperationMode,8749,Variable
PumpActuationType_ActualOperationMode,8750,Variable
PumpActuationType_ReverseRotatingDirection,8751,Variable
PumpActuationType_ReverseRotatingDirection_FalseState,8752,Variable
PumpActuationType_ReverseRotatingDirection_TrueState,8753,Variable
PumpActuationType_ActualControlMode,8754,Variable
PumpActuationType_SetControlMode,8755,Variable
PumpActuationType_ControlInversion,8756,Variable
PumpActuationType_ControlInversion_FalseState,8757,Variable
PumpActuationType_ControlInversion_TrueState,8758,Variable
PumpActuationType_ExternalSignal,8759,Variable
PumpActuationType_ExternalSignal_FalseState,8760,Variable
PumpActuationType_ExternalSignal_TrueState,8761,Variable
PumpActuationType_Enable,8762,Variable
PumpActuationType_Enable_FalseState,8763,Variable
PumpActuationType_Enable_TrueState,8764,Variable
PumpActuationType_ActualControlMode_Definition,8765,Variable
PumpActuationType_ActualOperationMode_Definition,8766,Variable
PumpActuationType_ControlInversion_Definition,8767,Variable
PumpActuationType_Enable_Definition,8768,Variable
PumpActuationType_ExternalSignal_Definition,8769,Variable
PumpActuationType_ReverseRotatingDirection_Definition,8770,Variable
PumpActuationType_SetControlMode_Definition,8771,Variable
PumpActuationType_SetOperationMode_Definition,8772,Variable
DiscreteObjectType_Status,8773,Variable
DiscreteObjectType_Status_FalseState,8774,Variable
DiscreteObjectType_Status_TrueState,8775,Variable
DiscreteObjectType_Status_Definition,8776,Variable
DiscreteObjectType_OnOffCycle,8777,Variable
DiscreteObjectType_OnOffCycle_Definition,8778,Variable
DiscreteObjectType_OnOffCycle_EURange,8779,Variable
DiscreteObjectType_OnOffCycle_EngineeringUnits,8780,Variable
DiscreteOutputObjectType_DiscreteOutputValue,8781,Variable
DiscreteOutputObjectType_DiscreteOutputValue_FalseState,8782,Variable
DiscreteOutputObjectType_DiscreteOutputValue_TrueState,8783,Variable
DiscreteOutputObjectType_FaultAction,8784,Variable
DiscreteOutputObjectType_FaultAction_FalseState,8785,Variable
DiscreteOutputObjectType_FaultAction_TrueState,8786,Variable
DiscreteOutputObjectType_FaultValue,8787,Variable
DiscreteOutputObjectType_FaultValue_FalseState,8788,Variable
DiscreteOutputObjectType_FaultValue_TrueState,8789,Variable
PumpActuationType_InletValveRequest_DiscreteOutputValue,8790,Variable
PumpActuationType_InletValveRequest_DiscreteOutputValue_FalseState,8791,Variable
PumpActuationType_InletValveRequest_DiscreteOutputValue_TrueState,8792,Variable
PumpActuationType_OutletValveRequest_DiscreteOutputValue,8793,Variable
PumpActuationType_OutletValveRequest_DiscreteOutputValue_FalseState,8794,Variable
PumpActuationType_OutletValveRequest_DiscreteOutputValue_TrueState,8795,Variable
PumpActuationType_FlushValveRequest_DiscreteOutputValue,8796,Variable
PumpActuationType_FlushValveRequest_DiscreteOutputValue_FalseState,8797,Variable
PumpActuationType_FlushValveRequest_DiscreteOutputValue_TrueState,8798,Variable
PumpActuationType_PurgeValveRequest_DiscreteOutputValue,8799,Variable
PumpActuationType_PurgeValveRequest_DiscreteOutputValue_FalseState,8800,Variable
PumpActuationType_PurgeValveRequest_DiscreteOutputValue_TrueState,8801,Variable
PumpActuationType_CleanValveRequest_DiscreteOutputValue,8802,Variable
PumpActuationType_CleanValveRequest_DiscreteOutputValue_FalseState,8803,Variable
PumpActuationType_CleanValveRequest_DiscreteOutputValue_TrueState,8804,Variable
PumpActuationType_GasDilValveRequest_DiscreteOutputValue,8805,Variable
PumpActuationType_GasDilValveRequest_DiscreteOutputValue_FalseState,8806,Variable
PumpActuationType_GasDilValveRequest_DiscreteOutputValue_TrueState,8807,Variable
PumpActuationType_PumpStandByRequest_DiscreteOutputValue,8808,Variable
PumpActuationType_PumpStandByRequest_DiscreteOutputValue_FalseState,8809,Variable
PumpActuationType_PumpStandByRequest_DiscreteOutputValue_TrueState,8810,Variable
PumpActuationType_VentValveRequest_DiscreteOutputValue,8811,Variable
PumpActuationType_VentValveRequest_DiscreteOutputValue_FalseState,8812,Variable
PumpActuationType_VentValveRequest_DiscreteOutputValue_TrueState,8813,Variable
PumpActuationType_PumpKick_DiscreteOutputValue,8814,Variable
PumpActuationType_PumpKick_DiscreteOutputValue_FalseState,8815,Variable
PumpActuationType_PumpKick_DiscreteOutputValue_TrueState,8816,Variable
DiscreteOutputObjectType_FaultValue_Definition,8817,Variable
DiscreteOutputObjectType_FaultAction_Definition,8818,Variable
DiscreteOutputObjectType_DiscreteOutputValue_Definition,8819,Variable
PumpActuationType_InletValveRequest_DiscreteOutputValue_Definition,8820,Variable
PumpActuationType_OutletValveRequest_DiscreteOutputValue_Definition,8821,Variable
PumpActuationType_FlushValveRequest_DiscreteOutputValue_Definition,8822,Variable
PumpActuationType_PurgeValveRequest_DiscreteOutputValue_Definition,8823,Variable
PumpActuationType_CleanValveRequest_DiscreteOutputValue_Definition,8824,Variable
PumpActuationType_GasDilValveRequest_DiscreteOutputValue_Definition,8825,Variable
PumpActuationType_PumpStandByRequest_DiscreteOutputValue_Definition,8826,Variable
PumpActuationType_VentValveRequest_DiscreteOutputValue_Definition,8827,Variable
PumpActuationType_PumpKick_DiscreteOutputValue_Definition,8828,Variable
PumpKickObjectType_PumpKickMode,8829,Variable
PumpKickObjectType_PumpKickTime,8830,Variable
PumpKickObjectType_PumpKickTimeDifference,8831,Variable
PumpKickObjectType_PumpKickTimeDifference_EngineeringUnits,8832,Variable
PumpKickObjectType_PumpKickTimeDifference_Definition,8833,Variable
PumpKickObjectType_PumpKickTimeDifference_EURange,8834,Variable
PumpKickObjectType_PumpKickTime_Definition,8835,Variable
PumpKickObjectType_PumpKickMode_Definition,8836,Variable
DiscreteInputObjectType_DiscreteInputValue,8837,Variable
DiscreteInputObjectType_DiscreteInputValue_FalseState,8838,Variable
DiscreteInputObjectType_DiscreteInputValue_TrueState,8839,Variable
DiscreteInputObjectType_DiscreteInputValue_Definition,8840,Variable
PumpActuationType_CleanValveRequest_FaultAction,8841,Variable
PumpActuationType_CleanValveRequest_FaultAction_FalseState,8842,Variable
PumpActuationType_CleanValveRequest_FaultAction_TrueState,8843,Variable
PumpActuationType_CleanValveRequest_FaultValue,8844,Variable
PumpActuationType_CleanValveRequest_FaultValue_FalseState,8845,Variable
PumpActuationType_CleanValveRequest_FaultValue_TrueState,8846,Variable
PumpActuationType_CleanValveRequest_OnOffCycle,8847,Variable
PumpActuationType_CleanValveRequest_Status,8848,Variable
PumpActuationType_CleanValveRequest_Status_FalseState,8849,Variable
PumpActuationType_CleanValveRequest_Status_TrueState,8850,Variable
PumpActuationType_CleanValveRequest_FaultAction_Definition,8851,Variable
PumpActuationType_CleanValveRequest_FaultValue_Definition,8852,Variable
PumpActuationType_CleanValveRequest_OnOffCycle_Definition,8853,Variable
PumpActuationType_CleanValveRequest_OnOffCycle_EURange,8854,Variable
PumpActuationType_CleanValveRequest_OnOffCycle_EngineeringUnits,8855,Variable
PumpActuationType_CleanValveRequest_Status_Definition,8856,Variable
PumpActuationType_FlushValveRequest_FaultAction,8857,Variable
PumpActuationType_FlushValveRequest_FaultAction_FalseState,8858,Variable
PumpActuationType_FlushValveRequest_FaultAction_TrueState,8859,Variable
PumpActuationType_FlushValveRequest_FaultValue,8860,Variable
PumpActuationType_FlushValveRequest_FaultValue_FalseState,8861,Variable
PumpActuationType_FlushValveRequest_FaultValue_TrueState,8862,Variable
PumpActuationType_FlushValveRequest_OnOffCycle,8863,Variable
PumpActuationType_FlushValveRequest_Status,8864,Variable
PumpActuationType_FlushValveRequest_Status_FalseState,8865,Variable
PumpActuationType_FlushValveRequest_Status_TrueState,8866,Variable
PumpActuationType_FlushValveRequest_FaultAction_Definition,8867,Variable
PumpActuationType_FlushValveRequest_FaultValue_Definition,8868,Variable
PumpActuationType_FlushValveRequest_OnOffCycle_Definition,8869,Variable
PumpActuationType_FlushValveRequest_OnOffCycle_EURange,8870,Variable
PumpActuationType_FlushValveRequest_OnOffCycle_EngineeringUnits,8871,Variable
PumpActuationType_FlushValveRequest_Status_Definition,8872,Variable
PumpActuationType_GasDilValveRequest_FaultAction,8873,Variable
PumpActuationType_GasDilValveRequest_FaultAction_FalseState,8874,Variable
PumpActuationType_GasDilValveRequest_FaultAction_TrueState,8875,Variable
PumpActuationType_GasDilValveRequest_FaultValue,8876,Variable
PumpActuationType_GasDilValveRequest_FaultValue_FalseState,8877,Variable
PumpActuationType_GasDilValveRequest_FaultValue_TrueState,8878,Variable
PumpActuationType_GasDilValveRequest_OnOffCycle,8879,Variable
PumpActuationType_GasDilValveRequest_Status,8880,Variable
PumpActuationType_GasDilValveRequest_Status_FalseState,8881,Variable
PumpActuationType_GasDilValveRequest_Status_TrueState,8882,Variable
PumpActuationType_GasDilValveRequest_FaultAction_Definition,8883,Variable
PumpActuationType_GasDilValveRequest_FaultValue_Definition,8884,Variable
PumpActuationType_GasDilValveRequest_OnOffCycle_Definition,8885,Variable
PumpActuationType_GasDilValveRequest_OnOffCycle_EURange,8886,Variable
PumpActuationType_GasDilValveRequest_OnOffCycle_EngineeringUnits,8887,Variable
PumpActuationType_GasDilValveRequest_Status_Definition,8888,Variable
PumpActuationType_InletValveRequest_FaultAction,8889,Variable
PumpActuationType_InletValveRequest_FaultAction_FalseState,8890,Variable
PumpActuationType_InletValveRequest_FaultAction_TrueState,8891,Variable
PumpActuationType_InletValveRequest_FaultValue,8892,Variable
PumpActuationType_InletValveRequest_FaultValue_FalseState,8893,Variable
PumpActuationType_InletValveRequest_FaultValue_TrueState,8894,Variable
PumpActuationType_InletValveRequest_OnOffCycle,8895,Variable
PumpActuationType_InletValveRequest_Status,8896,Variable
PumpActuationType_InletValveRequest_Status_FalseState,8897,Variable
PumpActuationType_InletValveRequest_Status_TrueState,8898,Variable
PumpActuationType_InletValveRequest_FaultAction_Definition,8899,Variable
PumpActuationType_InletValveRequest_FaultValue_Definition,8900,Variable
PumpActuationType_InletValveRequest_OnOffCycle_Definition,8901,Variable
PumpActuationType_InletValveRequest_OnOffCycle_EURange,8902,Variable
PumpActuationType_InletValveRequest_OnOffCycle_EngineeringUnits,8903,Variable
PumpActuationType_InletValveRequest_Status_Definition,8904,Variable
PumpActuationType_OutletValveRequest_FaultAction,8905,Variable
PumpActuationType_OutletValveRequest_FaultAction_FalseState,8906,Variable
PumpActuationType_OutletValveRequest_FaultAction_TrueState,8907,Variable
PumpActuationType_OutletValveRequest_FaultValue,8908,Variable
PumpActuationType_OutletValveRequest_FaultValue_FalseState,8909,Variable
PumpActuationType_OutletValveRequest_FaultValue_TrueState,8910,Variable
PumpActuationType_OutletValveRequest_OnOffCycle,8911,Variable
PumpActuationType_OutletValveRequest_Status,8912,Variable
PumpActuationType_OutletValveRequest_Status_FalseState,8913,Variable
PumpActuationType_OutletValveRequest_Status_TrueState,8914,Variable
PumpActuationType_OutletValveRequest_FaultAction_Definition,8915,Variable
PumpActuationType_OutletValveRequest_FaultValue_Definition,8916,Variable
PumpActuationType_OutletValveRequest_OnOffCycle_Definition,8917,Variable
PumpActuationType_OutletValveRequest_OnOffCycle_EURange,8918,Variable
PumpActuationType_OutletValveRequest_OnOffCycle_EngineeringUnits,8919,Variable
PumpActuationType_OutletValveRequest_Status_Definition,8920,Variable
PumpActuationType_PumpKick_FaultAction,8921,Variable
PumpActuationType_PumpKick_FaultAction_FalseState,8922,Variable
PumpActuationType_PumpKick_FaultAction_TrueState,8923,Variable
PumpActuationType_PumpKick_FaultValue,8924,Variable
PumpActuationType_PumpKick_FaultValue_FalseState,8925,Variable
PumpActuationType_PumpKick_FaultValue_TrueState,8926,Variable
PumpActuationType_PumpKick_OnOffCycle,8927,Variable
PumpActuationType_PumpKick_PumpKickMode,8928,Variable
PumpActuationType_PumpKick_PumpKickTime,8929,Variable
PumpActuationType_PumpKick_PumpKickTimeDifference,8930,Variable
PumpActuationType_PumpKick_PumpKickTimeDifference_EngineeringUnits,8931,Variable
PumpActuationType_PumpKick_Status,8932,Variable
PumpActuationType_PumpKick_Status_FalseState,8933,Variable
PumpActuationType_PumpKick_Status_TrueState,8934,Variable
PumpActuationType_PumpKick_FaultAction_Definition,8935,Variable
PumpActuationType_PumpKick_FaultValue_Definition,8936,Variable
PumpActuationType_PumpKick_OnOffCycle_Definition,8937,Variable
PumpActuationType_PumpKick_OnOffCycle_EURange,8938,Variable
PumpActuationType_PumpKick_OnOffCycle_EngineeringUnits,8939,Variable
PumpActuationType_PumpKick_PumpKickMode_Definition,8940,Variable
PumpActuationType_PumpKick_PumpKickTime_Definition,8941,Variable
PumpActuationType_PumpKick_PumpKickTimeDifference_Definition,8942,Variable
PumpActuationType_PumpKick_PumpKickTimeDifference_EURange,8943,Variable
PumpActuationType_PumpKick_Status_Definition,8944,Variable
PumpActuationType_PumpStandByRequest_FaultAction,8945,Variable
PumpActuationType_PumpStandByRequest_FaultAction_FalseState,8946,Variable
PumpActuationType_PumpStandByRequest_FaultAction_TrueState,8947,Variable
PumpActuationType_PumpStandByRequest_FaultValue,8948,Variable
PumpActuationType_PumpStandByRequest_FaultValue_FalseState,8949,Variable
PumpActuationType_PumpStandByRequest_FaultValue_TrueState,8950,Variable
PumpActuationType_PumpStandByRequest_OnOffCycle,8951,Variable
PumpActuationType_PumpStandByRequest_Status,8952,Variable
PumpActuationType_PumpStandByRequest_Status_FalseState,8953,Variable
PumpActuationType_PumpStandByRequest_Status_TrueState,8954,Variable
PumpActuationType_PumpStandByRequest_FaultAction_Definition,8955,Variable
PumpActuationType_PumpStandByRequest_FaultValue_Definition,8956,Variable
PumpActuationType_PumpStandByRequest_OnOffCycle_Definition,8957,Variable
PumpActuationType_PumpStandByRequest_OnOffCycle_EURange,8958,Variable
PumpActuationType_PumpStandByRequest_OnOffCycle_EngineeringUnits,8959,Variable
PumpActuationType_PumpStandByRequest_Status_Definition,8960,Variable
PumpActuationType_PurgeValveRequest_FaultAction,8961,Variable
PumpActuationType_PurgeValveRequest_FaultAction_FalseState,8962,Variable
PumpActuationType_PurgeValveRequest_FaultAction_TrueState,8963,Variable
PumpActuationType_PurgeValveRequest_FaultValue,8964,Variable
PumpActuationType_PurgeValveRequest_FaultValue_FalseState,8965,Variable
PumpActuationType_PurgeValveRequest_FaultValue_TrueState,8966,Variable
PumpActuationType_PurgeValveRequest_OnOffCycle,8967,Variable
PumpActuationType_PurgeValveRequest_Status,8968,Variable
PumpActuationType_PurgeValveRequest_Status_FalseState,8969,Variable
PumpActuationType_PurgeValveRequest_Status_TrueState,8970,Variable
PumpActuationType_PurgeValveRequest_FaultAction_Definition,8971,Variable
PumpActuationType_PurgeValveRequest_FaultValue_Definition,8972,Variable
PumpActuationType_PurgeValveRequest_OnOffCycle_Definition,8973,Variable
PumpActuationType_PurgeValveRequest_OnOffCycle_EURange,8974,Variable
PumpActuationType_PurgeValveRequest_OnOffCycle_EngineeringUnits,8975,Variable
PumpActuationType_PurgeValveRequest_Status_Definition,8976,Variable
PumpActuationType_VentValveRequest_FaultAction,8977,Variable
PumpActuationType_VentValveRequest_FaultAction_FalseState,8978,Variable
PumpActuationType_VentValveRequest_FaultAction_TrueState,8979,Variable
PumpActuationType_VentValveRequest_FaultValue,8980,Variable
PumpActuationType_VentValveRequest_FaultValue_FalseState,8981,Variable
PumpActuationType_VentValveRequest_FaultValue_TrueState,8982,Variable
PumpActuationType_VentValveRequest_OnOffCycle,8983,Variable
PumpActuationType_VentValveRequest_Status,8984,Variable
PumpActuationType_VentValveRequest_Status_FalseState,8985,Variable
PumpActuationType_VentValveRequest_Status_TrueState,8986,Variable
PumpActuationType_VentValveRequest_FaultAction_Definition,8987,Variable
PumpActuationType_VentValveRequest_FaultValue_Definition,8988,Variable
PumpActuationType_VentValveRequest_OnOffCycle_Definition,8989,Variable
PumpActuationType_VentValveRequest_OnOffCycle_EURange,8990,Variable
PumpActuationType_VentValveRequest_OnOffCycle_EngineeringUnits,8991,Variable
PumpActuationType_VentValveRequest_Status_Definition,8992,Variable
SignalsType_StandBy_DiscreteInputValue,8993,Variable
SignalsType_StandBy_DiscreteInputValue_FalseState,8994,Variable
SignalsType_StandBy_DiscreteInputValue_TrueState,8995,Variable
SignalsType_StandBy_DiscreteInputValue_Definition,8996,Variable
SignalsType_StandBy_OnOffCycle,8997,Variable
SignalsType_StandBy_Status,8998,Variable
SignalsType_StandBy_Status_FalseState,8999,Variable
SignalsType_StandBy_Status_TrueState,9000,Variable
SignalsType_StandBy_OnOffCycle_Definition,9001,Variable
SignalsType_StandBy_OnOffCycle_EURange,9002,Variable
SignalsType_StandBy_OnOffCycle_EngineeringUnits,9003,Variable
SignalsType_StandBy_Status_Definition,9004,Variable
SignalsType_Acceleration_DiscreteInputValue,9005,Variable
SignalsType_Acceleration_DiscreteInputValue_FalseState,9006,Variable
SignalsType_Acceleration_DiscreteInputValue_TrueState,9007,Variable
SignalsType_CleanValveOpen_DiscreteInputValue,9008,Variable
SignalsType_CleanValveOpen_DiscreteInputValue_FalseState,9009,Variable
SignalsType_CleanValveOpen_DiscreteInputValue_TrueState,9010,Variable
SignalsType_FlushValveOpen_DiscreteInputValue,9011,Variable
SignalsType_FlushValveOpen_DiscreteInputValue_FalseState,9012,Variable
SignalsType_FlushValveOpen_DiscreteInputValue_TrueState,9013,Variable
SignalsType_GasDilValveOpen_DiscreteInputValue,9014,Variable
SignalsType_GasDilValveOpen_DiscreteInputValue_FalseState,9015,Variable
SignalsType_GasDilValveOpen_DiscreteInputValue_TrueState,9016,Variable
SignalsType_InletValveOpen_DiscreteInputValue,9017,Variable
SignalsType_InletValveOpen_DiscreteInputValue_FalseState,9018,Variable
SignalsType_InletValveOpen_DiscreteInputValue_TrueState,9019,Variable
SignalsType_NoRotation_DiscreteInputValue,9020,Variable
SignalsType_NoRotation_DiscreteInputValue_FalseState,9021,Variable
SignalsType_NoRotation_DiscreteInputValue_TrueState,9022,Variable
SignalsType_OutletValveOpen_DiscreteInputValue,9023,Variable
SignalsType_OutletValveOpen_DiscreteInputValue_FalseState,9024,Variable
SignalsType_OutletValveOpen_DiscreteInputValue_TrueState,9025,Variable
SignalsType_ProcessIsActive_DiscreteInputValue,9026,Variable
SignalsType_ProcessIsActive_DiscreteInputValue_FalseState,9027,Variable
SignalsType_ProcessIsActive_DiscreteInputValue_TrueState,9028,Variable
SignalsType_PumpActivation_DiscreteInputValue,9029,Variable
SignalsType_PumpActivation_DiscreteInputValue_FalseState,9030,Variable
SignalsType_PumpActivation_DiscreteInputValue_TrueState,9031,Variable
SignalsType_PumpDirection_DiscreteInputValue,9032,Variable
SignalsType_PumpDirection_DiscreteInputValue_FalseState,9033,Variable
SignalsType_PumpDirection_DiscreteInputValue_TrueState,9034,Variable
SignalsType_PumpOperation_DiscreteInputValue,9035,Variable
SignalsType_PumpOperation_DiscreteInputValue_FalseState,9036,Variable
SignalsType_PumpOperation_DiscreteInputValue_TrueState,9037,Variable
SignalsType_PumpPowerMax_DiscreteInputValue,9038,Variable
SignalsType_PumpPowerMax_DiscreteInputValue_FalseState,9039,Variable
SignalsType_PumpPowerMax_DiscreteInputValue_TrueState,9040,Variable
SignalsType_PumpSpeedMax_DiscreteInputValue,9041,Variable
SignalsType_PumpSpeedMax_DiscreteInputValue_FalseState,9042,Variable
SignalsType_PumpSpeedMax_DiscreteInputValue_TrueState,9043,Variable
SignalsType_PumpSpeedMin_DiscreteInputValue,9044,Variable
SignalsType_PumpSpeedMin_DiscreteInputValue_FalseState,9045,Variable
SignalsType_PumpSpeedMin_DiscreteInputValue_TrueState,9046,Variable
SignalsType_PurgeValveOpen_DiscreteInputValue,9047,Variable
SignalsType_PurgeValveOpen_DiscreteInputValue_FalseState,9048,Variable
SignalsType_PurgeValveOpen_DiscreteInputValue_TrueState,9049,Variable
SignalsType_RatedSpeed_DiscreteInputValue,9050,Variable
SignalsType_RatedSpeed_DiscreteInputValue_FalseState,9051,Variable
SignalsType_RatedSpeed_DiscreteInputValue_TrueState,9052,Variable
SignalsType_StandBySpeed_DiscreteInputValue,9053,Variable
SignalsType_StandBySpeed_DiscreteInputValue_FalseState,9054,Variable
SignalsType_StandBySpeed_DiscreteInputValue_TrueState,9055,Variable
SignalsType_TargetSpeed_DiscreteInputValue,9056,Variable
SignalsType_TargetSpeed_DiscreteInputValue_FalseState,9057,Variable
SignalsType_TargetSpeed_DiscreteInputValue_TrueState,9058,Variable
SignalsType_VentValveOpen_DiscreteInputValue,9059,Variable
SignalsType_VentValveOpen_DiscreteInputValue_FalseState,9060,Variable
SignalsType_VentValveOpen_DiscreteInputValue_TrueState,9061,Variable
SignalsType_Acceleration_DiscreteInputValue_Definition,9062,Variable
SignalsType_Acceleration_OnOffCycle,9063,Variable
SignalsType_Acceleration_Status,9064,Variable
SignalsType_Acceleration_Status_FalseState,9065,Variable
SignalsType_Acceleration_Status_TrueState,9066,Variable
SignalsType_Acceleration_OnOffCycle_Definition,9067,Variable
SignalsType_Acceleration_OnOffCycle_EURange,9068,Variable
SignalsType_Acceleration_OnOffCycle_EngineeringUnits,9069,Variable
SignalsType_Acceleration_Status_Definition,9070,Variable
SignalsType_CleanValveOpen_DiscreteInputValue_Definition,9071,Variable
SignalsType_CleanValveOpen_OnOffCycle,9072,Variable
SignalsType_CleanValveOpen_Status,9073,Variable
SignalsType_CleanValveOpen_Status_FalseState,9074,Variable
SignalsType_CleanValveOpen_Status_TrueState,9075,Variable
SignalsType_CleanValveOpen_OnOffCycle_Definition,9076,Variable
SignalsType_CleanValveOpen_OnOffCycle_EURange,9077,Variable
SignalsType_CleanValveOpen_OnOffCycle_EngineeringUnits,9078,Variable
SignalsType_CleanValveOpen_Status_Definition,9079,Variable
SignalsType_FlushValveOpen_DiscreteInputValue_Definition,9080,Variable
SignalsType_FlushValveOpen_OnOffCycle,9081,Variable
SignalsType_FlushValveOpen_Status,9082,Variable
SignalsType_FlushValveOpen_Status_FalseState,9083,Variable
SignalsType_FlushValveOpen_Status_TrueState,9084,Variable
SignalsType_FlushValveOpen_OnOffCycle_Definition,9085,Variable
SignalsType_FlushValveOpen_OnOffCycle_EURange,9086,Variable
SignalsType_FlushValveOpen_OnOffCycle_EngineeringUnits,9087,Variable
SignalsType_FlushValveOpen_Status_Definition,9088,Variable
SignalsType_GasDilValveOpen_DiscreteInputValue_Definition,9089,Variable
SignalsType_GasDilValveOpen_OnOffCycle,9090,Variable
SignalsType_GasDilValveOpen_Status,9091,Variable
SignalsType_GasDilValveOpen_Status_FalseState,9092,Variable
SignalsType_GasDilValveOpen_Status_TrueState,9093,Variable
SignalsType_GasDilValveOpen_OnOffCycle_Definition,9094,Variable
SignalsType_GasDilValveOpen_OnOffCycle_EURange,9095,Variable
SignalsType_GasDilValveOpen_OnOffCycle_EngineeringUnits,9096,Variable
SignalsType_GasDilValveOpen_Status_Definition,9097,Variable
SignalsType_Deceleration_DiscreteInputValue,9098,Variable
SignalsType_Deceleration_DiscreteInputValue_FalseState,9099,Variable
SignalsType_Deceleration_DiscreteInputValue_TrueState,9100,Variable
SignalsType_Deceleration_DiscreteInputValue_Definition,9101,Variable
SignalsType_Deceleration_OnOffCycle,9102,Variable
SignalsType_Deceleration_Status,9103,Variable
SignalsType_Deceleration_Status_FalseState,9104,Variable
SignalsType_Deceleration_Status_TrueState,9105,Variable
SignalsType_Deceleration_OnOffCycle_Definition,9106,Variable
SignalsType_Deceleration_OnOffCycle_EURange,9107,Variable
SignalsType_Deceleration_OnOffCycle_EngineeringUnits,9108,Variable
SignalsType_Deceleration_Status_Definition,9109,Variable
SignalsType_InletValveOpen_DiscreteInputValue_Definition,9110,Variable
SignalsType_InletValveOpen_OnOffCycle,9111,Variable
SignalsType_InletValveOpen_Status,9112,Variable
SignalsType_InletValveOpen_Status_FalseState,9113,Variable
SignalsType_InletValveOpen_Status_TrueState,9114,Variable
SignalsType_InletValveOpen_OnOffCycle_Definition,9115,Variable
SignalsType_InletValveOpen_OnOffCycle_EURange,9116,Variable
SignalsType_InletValveOpen_OnOffCycle_EngineeringUnits,9117,Variable
SignalsType_InletValveOpen_Status_Definition,9118,Variable
SignalsType_NoRotation_DiscreteInputValue_Definition,9119,Variable
SignalsType_NoRotation_OnOffCycle,9120,Variable
SignalsType_NoRotation_Status,9121,Variable
SignalsType_NoRotation_Status_FalseState,9122,Variable
SignalsType_NoRotation_Status_TrueState,9123,Variable
SignalsType_NoRotation_OnOffCycle_Definition,9124,Variable
SignalsType_NoRotation_OnOffCycle_EURange,9125,Variable
SignalsType_NoRotation_OnOffCycle_EngineeringUnits,9126,Variable
SignalsType_NoRotation_Status_Definition,9127,Variable
SignalsType_OutletValveOpen_DiscreteInputValue_Definition,9128,Variable
SignalsType_OutletValveOpen_OnOffCycle,9129,Variable
SignalsType_OutletValveOpen_Status,9130,Variable
SignalsType_OutletValveOpen_Status_FalseState,9131,Variable
SignalsType_OutletValveOpen_Status_TrueState,9132,Variable
SignalsType_OutletValveOpen_OnOffCycle_Definition,9133,Variable
SignalsType_OutletValveOpen_OnOffCycle_EURange,9134,Variable
SignalsType_OutletValveOpen_OnOffCycle_EngineeringUnits,9135,Variable
SignalsType_OutletValveOpen_Status_Definition,9136,Variable
SignalsType_ProcessIsActive_DiscreteInputValue_Definition,9137,Variable
SignalsType_ProcessIsActive_OnOffCycle,9138,Variable
SignalsType_ProcessIsActive_Status,9139,Variable
SignalsType_ProcessIsActive_Status_FalseState,9140,Variable
SignalsType_ProcessIsActive_Status_TrueState,9141,Variable
SignalsType_ProcessIsActive_OnOffCycle_Definition,9142,Variable
SignalsType_ProcessIsActive_OnOffCycle_EURange,9143,Variable
SignalsType_ProcessIsActive_OnOffCycle_EngineeringUnits,9144,Variable
SignalsType_ProcessIsActive_Status_Definition,9145,Variable
SignalsType_PumpActivation_DiscreteInputValue_Definition,9146,Variable
SignalsType_PumpActivation_OnOffCycle,9147,Variable
SignalsType_PumpActivation_Status,9148,Variable
SignalsType_PumpActivation_Status_FalseState,9149,Variable
SignalsType_PumpActivation_Status_TrueState,9150,Variable
SignalsType_PumpActivation_OnOffCycle_Definition,9151,Variable
SignalsType_PumpActivation_OnOffCycle_EURange,9152,Variable
SignalsType_PumpActivation_OnOffCycle_EngineeringUnits,9153,Variable
SignalsType_PumpActivation_Status_Definition,9154,Variable
SignalsType_PumpDirection_DiscreteInputValue_Definition,9155,Variable
SignalsType_PumpDirection_OnOffCycle,9156,Variable
SignalsType_PumpDirection_Status,9157,Variable
SignalsType_PumpDirection_Status_FalseState,9158,Variable
SignalsType_PumpDirection_Status_TrueState,9159,Variable
SignalsType_PumpDirection_OnOffCycle_Definition,9160,Variable
SignalsType_PumpDirection_OnOffCycle_EURange,9161,Variable
SignalsType_PumpDirection_OnOffCycle_EngineeringUnits,9162,Variable
SignalsType_PumpDirection_Status_Definition,9163,Variable
SignalsType_PumpOperation_DiscreteInputValue_Definition,9164,Variable
SignalsType_PumpOperation_OnOffCycle,9165,Variable
SignalsType_PumpOperation_Status,9166,Variable
SignalsType_PumpOperation_Status_FalseState,9167,Variable
SignalsType_PumpOperation_Status_TrueState,9168,Variable
SignalsType_PumpOperation_OnOffCycle_Definition,9169,Variable
SignalsType_PumpOperation_OnOffCycle_EURange,9170,Variable
SignalsType_PumpOperation_OnOffCycle_EngineeringUnits,9171,Variable
SignalsType_PumpOperation_Status_Definition,9172,Variable
SignalsType_PumpPowerMax_DiscreteInputValue_Definition,9173,Variable
SignalsType_PumpPowerMax_OnOffCycle,9174,Variable
SignalsType_PumpPowerMax_Status,9175,Variable
SignalsType_PumpPowerMax_Status_FalseState,9176,Variable
SignalsType_PumpPowerMax_Status_TrueState,9177,Variable
SignalsType_PumpPowerMax_OnOffCycle_Definition,9178,Variable
SignalsType_PumpPowerMax_OnOffCycle_EURange,9179,Variable
SignalsType_PumpPowerMax_OnOffCycle_EngineeringUnits,9180,Variable
SignalsType_PumpPowerMax_Status_Definition,9181,Variable
SignalsType_PumpSpeedMax_DiscreteInputValue_Definition,9182,Variable
SignalsType_PumpSpeedMax_OnOffCycle,9183,Variable
SignalsType_PumpSpeedMax_Status,9184,Variable
SignalsType_PumpSpeedMax_Status_FalseState,9185,Variable
SignalsType_PumpSpeedMax_Status_TrueState,9186,Variable
SignalsType_PumpSpeedMax_OnOffCycle_Definition,9187,Variable
SignalsType_PumpSpeedMax_OnOffCycle_EURange,9188,Variable
SignalsType_PumpSpeedMax_OnOffCycle_EngineeringUnits,9189,Variable
SignalsType_PumpSpeedMax_Status_Definition,9190,Variable
SignalsType_PumpSpeedMin_DiscreteInputValue_Definition,9191,Variable
SignalsType_PumpSpeedMin_OnOffCycle,9192,Variable
SignalsType_PumpSpeedMin_Status,9193,Variable
SignalsType_PumpSpeedMin_Status_FalseState,9194,Variable
SignalsType_PumpSpeedMin_Status_TrueState,9195,Variable
SignalsType_PumpSpeedMin_OnOffCycle_Definition,9196,Variable
SignalsType_PumpSpeedMin_OnOffCycle_EURange,9197,Variable
SignalsType_PumpSpeedMin_OnOffCycle_EngineeringUnits,9198,Variable
SignalsType_PumpSpeedMin_Status_Definition,9199,Variable
SignalsType_PurgeValveOpen_DiscreteInputValue_Definition,9200,Variable
SignalsType_PurgeValveOpen_OnOffCycle,9201,Variable
SignalsType_PurgeValveOpen_Status,9202,Variable
SignalsType_PurgeValveOpen_Status_FalseState,9203,Variable
SignalsType_PurgeValveOpen_Status_TrueState,9204,Variable
SignalsType_PurgeValveOpen_OnOffCycle_Definition,9205,Variable
SignalsType_PurgeValveOpen_OnOffCycle_EURange,9206,Variable
SignalsType_PurgeValveOpen_OnOffCycle_EngineeringUnits,9207,Variable
SignalsType_PurgeValveOpen_Status_Definition,9208,Variable
SignalsType_RatedSpeed_DiscreteInputValue_Definition,9209,Variable
SignalsType_RatedSpeed_OnOffCycle,9210,Variable
SignalsType_RatedSpeed_Status,9211,Variable
SignalsType_RatedSpeed_Status_FalseState,9212,Variable
SignalsType_RatedSpeed_Status_TrueState,9213,Variable
SignalsType_RatedSpeed_OnOffCycle_Definition,9214,Variable
SignalsType_RatedSpeed_OnOffCycle_EURange,9215,Variable
SignalsType_RatedSpeed_OnOffCycle_EngineeringUnits,9216,Variable
SignalsType_RatedSpeed_Status_Definition,9217,Variable
SignalsType_StandBySpeed_DiscreteInputValue_Definition,9218,Variable
SignalsType_StandBySpeed_OnOffCycle,9219,Variable
SignalsType_StandBySpeed_Status,9220,Variable
SignalsType_StandBySpeed_Status_FalseState,9221,Variable
SignalsType_StandBySpeed_Status_TrueState,9222,Variable
SignalsType_StandBySpeed_OnOffCycle_Definition,9223,Variable
SignalsType_StandBySpeed_OnOffCycle_EURange,9224,Variable
SignalsType_StandBySpeed_OnOffCycle_EngineeringUnits,9225,Variable
SignalsType_StandBySpeed_Status_Definition,9226,Variable
SignalsType_TargetSpeed_DiscreteInputValue_Definition,9227,Variable
SignalsType_TargetSpeed_OnOffCycle,9228,Variable
SignalsType_TargetSpeed_Status,9229,Variable
SignalsType_TargetSpeed_Status_FalseState,9230,Variable
SignalsType_TargetSpeed_Status_TrueState,9231,Variable
SignalsType_TargetSpeed_OnOffCycle_Definition,9232,Variable
SignalsType_TargetSpeed_OnOffCycle_EURange,9233,Variable
SignalsType_TargetSpeed_OnOffCycle_EngineeringUnits,9234,Variable
SignalsType_TargetSpeed_Status_Definition,9235,Variable
SignalsType_VentValveOpen_DiscreteInputValue_Definition,9236,Variable
SignalsType_VentValveOpen_OnOffCycle,9237,Variable
SignalsType_VentValveOpen_Status,9238,Variable
SignalsType_VentValveOpen_Status_FalseState,9239,Variable
SignalsType_VentValveOpen_Status_TrueState,9240,Variable
SignalsType_VentValveOpen_OnOffCycle_Definition,9241,Variable
SignalsType_VentValveOpen_OnOffCycle_EURange,9242,Variable
SignalsType_VentValveOpen_OnOffCycle_EngineeringUnits,9243,Variable
SignalsType_VentValveOpen_Status_Definition,9244,Variable
PortType_Direction,9245,Variable
PortType_Category,9246,Variable
PortType_IdCarrier,9247,Variable
PortType_Category_Definition,9248,Variable
PortType_Direction_Definition,9249,Variable
PortType_IdCarrier_Definition,9250,Variable
MultiPumpType_DistributionPriority,9251,Variable
MultiPumpType_DistributionType,9252,Variable
MultiPumpType_ExchangeMode,9253,Variable
MultiPumpType_ExchangeTime,9254,Variable
MultiPumpType_ExchangeTimeDifference,9255,Variable
MultiPumpType_MaximumNumberOfPumpsInOperation,9256,Variable
MultiPumpType_MultiPumpOperationMode,9257,Variable
MultiPumpType_NumberOfPumps,9258,Variable
MultiPumpType_PumpCollectiveIDs,9259,Variable
MultiPumpType_PumpRole,9260,Variable
MultiPumpType_RedundantPumpIDs,9261,Variable
MultiPumpType_ExchangeTimeDifference_EngineeringUnits,9262,Variable
MultiPumpType_DistributionPriority_Definition,9263,Variable
MultiPumpType_DistributionType_Definition,9264,Variable
MultiPumpType_ExchangeMode_Definition,9265,Variable
MultiPumpType_ExchangeTime_Definition,9266,Variable
MultiPumpType_ExchangeTimeDifference_Definition,9267,Variable
MultiPumpType_ExchangeTimeDifference_EURange,9268,Variable
MultiPumpType_MaximumNumberOfPumpsInOperation_Definition,9269,Variable
MultiPumpType_MultiPumpOperationMode_Definition,9270,Variable
MultiPumpType_NumberOfPumps_Definition,9271,Variable
MultiPumpType_PumpCollectiveIDs_Definition,9272,Variable
MultiPumpType_PumpRole_Definition,9273,Variable
MultiPumpType_RedundantPumpIDs_Definition,9274,Variable
ConnectionDesignType_NominalPressure,9275,Variable
ConnectionDesignType_NominalPressure_Definition,9276,Variable
OutletConnectionDesignType_MaximumAllowableOutletPressure,9277,Variable
OutletConnectionDesignType_MaximumAllowableOutletPressure_Definition,9278,Variable
OutletConnectionDesignType_MaximumAllowableOutletPressure_EURange,9279,Variable
OutletConnectionDesignType_MaximumAllowableOutletPressure_EngineeringUnits,9280,Variable
OutletConnectionDesignType_MinimumAllowableOutetPressure,9281,Variable
OutletConnectionDesignType_OutletAreaOfThePump,9282,Variable
OutletConnectionDesignType_ReliefValveAccumulationPressure,9283,Variable
OutletConnectionDesignType_ReliefValveBackPressure,9284,Variable
OutletConnectionDesignType_ReliefValveReseatPressure,9285,Variable
OutletConnectionDesignType_ReliefValveSetPressure,9286,Variable
OutletConnectionDesignType_MinimumAllowableOutetPressure_Definition,9287,Variable
OutletConnectionDesignType_MinimumAllowableOutetPressure_EURange,9288,Variable
OutletConnectionDesignType_MinimumAllowableOutetPressure_EngineeringUnits,9289,Variable
OutletConnectionDesignType_OutletAreaOfThePump_Definition,9290,Variable
OutletConnectionDesignType_OutletAreaOfThePump_EURange,9291,Variable
OutletConnectionDesignType_OutletAreaOfThePump_EngineeringUnits,9292,Variable
OutletConnectionDesignType_ReliefValveAccumulationPressure_Definition,9293,Variable
OutletConnectionDesignType_ReliefValveAccumulationPressure_EURange,9294,Variable
OutletConnectionDesignType_ReliefValveAccumulationPressure_EngineeringUnits,9295,Variable
OutletConnectionDesignType_ReliefValveBackPressure_Definition,9296,Variable
OutletConnectionDesignType_ReliefValveBackPressure_EURange,9297,Variable
OutletConnectionDesignType_ReliefValveBackPressure_EngineeringUnits,9298,Variable
OutletConnectionDesignType_ReliefValveReseatPressure_Definition,9299,Variable
OutletConnectionDesignType_ReliefValveReseatPressure_EURange,9300,Variable
OutletConnectionDesignType_ReliefValveReseatPressure_EngineeringUnits,9301,Variable
OutletConnectionDesignType_ReliefValveSetPressure_Definition,9302,Variable
OutletConnectionDesignType_ReliefValveSetPressure_EURange,9303,Variable
OutletConnectionDesignType_ReliefValveSetPressure_EngineeringUnits,9304,Variable
InletConnectionDesignType_CriticalBackingPressure,9305,Variable
InletConnectionDesignType_CriticalBackingPressure_Definition,9306,Variable
InletConnectionDesignType_CriticalBackingPressure_EURange,9307,Variable
InletConnectionDesignType_CriticalBackingPressure_EngineeringUnits,9308,Variable
InletConnectionDesignType_InletAreaOfThePump,9309,Variable
InletConnectionDesignType_MaximumAllowableInletPressure,9310,Variable
InletConnectionDesignType_MaximumTolerableWaterVaporInletPressure,9311,Variable
InletConnectionDesignType_MaximumWorkingPressure,9312,Variable
InletConnectionDesignType_MinimumAllowableInletPressure,9313,Variable
InletConnectionDesignType_NetPositiveInletPressureRequired,9314,Variable
InletConnectionDesignType_WaterVaporCapacity,9315,Variable
InletConnectionDesignType_InletAreaOfThePump_Definition,9316,Variable
InletConnectionDesignType_InletAreaOfThePump_EURange,9317,Variable
InletConnectionDesignType_InletAreaOfThePump_EngineeringUnits,9318,Variable
InletConnectionDesignType_MaximumAllowableInletPressure_Definition,9319,Variable
InletConnectionDesignType_MaximumAllowableInletPressure_EURange,9320,Variable
InletConnectionDesignType_MaximumAllowableInletPressure_EngineeringUnits,9321,Variable
InletConnectionDesignType_MaximumTolerableWaterVaporInletPressure_Definition,9322,Variable
InletConnectionDesignType_MaximumTolerableWaterVaporInletPressure_EURange,9323,Variable
InletConnectionDesignType_MaximumTolerableWaterVaporInletPressure_EngineeringUnits,9324,Variable
InletConnectionDesignType_MaximumWorkingPressure_Definition,9325,Variable
InletConnectionDesignType_MaximumWorkingPressure_EURange,9326,Variable
InletConnectionDesignType_MaximumWorkingPressure_EngineeringUnits,9327,Variable
InletConnectionDesignType_MinimumAllowableInletPressure_Definition,9328,Variable
InletConnectionDesignType_MinimumAllowableInletPressure_EURange,9329,Variable
InletConnectionDesignType_MinimumAllowableInletPressure_EngineeringUnits,9330,Variable
InletConnectionDesignType_NetPositiveInletPressureRequired_Definition,9331,Variable
InletConnectionDesignType_NetPositiveInletPressureRequired_EURange,9332,Variable
InletConnectionDesignType_NetPositiveInletPressureRequired_EngineeringUnits,9333,Variable
InletConnectionDesignType_WaterVaporCapacity_Definition,9334,Variable
InletConnectionDesignType_WaterVaporCapacity_EURange,9335,Variable
InletConnectionDesignType_WaterVaporCapacity_EngineeringUnits,9336,Variable
DriveDesignType_ProtectionClass,9337,Variable
DriveDesignType_EnergyEfficiencyClassOfMotor,9338,Variable
DriveDesignType_MaxNominalFrequency,9339,Variable
DriveDesignType_MinNominalFrequency,9340,Variable
DriveDesignType_MotorEfficiency,9341,Variable
DriveDesignType_NominalFrequency,9342,Variable
DriveDesignType_NominalPowerConsumption,9343,Variable
DriveDesignType_NominalVoltage,9344,Variable
DriveDesignType_PowerFactor,9345,Variable
DriveDesignType_RatedCurrent,9346,Variable
DriveDesignType_RatedSpeed,9347,Variable
DriveDesignType_TorqueAtNominalSpeedOfDrive,9348,Variable
DriveDesignType_ProtectionClass_Definition,9349,Variable
DriveDesignType_EnergyEfficiencyClassOfMotor_Definition,9350,Variable
DriveDesignType_MaxNominalFrequency_Definition,9351,Variable
DriveDesignType_MaxNominalFrequency_EURange,9352,Variable
DriveDesignType_MaxNominalFrequency_EngineeringUnits,9353,Variable
DriveDesignType_MinNominalFrequency_Definition,9354,Variable
DriveDesignType_MinNominalFrequency_EURange,9355,Variable
DriveDesignType_MinNominalFrequency_EngineeringUnits,9356,Variable
DriveDesignType_MotorEfficiency_Definition,9357,Variable
DriveDesignType_MotorEfficiency_EURange,9358,Variable
DriveDesignType_MotorEfficiency_EngineeringUnits,9359,Variable
DriveDesignType_NominalFrequency_Definition,9360,Variable
DriveDesignType_NominalFrequency_EURange,9361,Variable
DriveDesignType_NominalFrequency_EngineeringUnits,9362,Variable
DriveDesignType_NominalPowerConsumption_Definition,9363,Variable
DriveDesignType_NominalPowerConsumption_EURange,9364,Variable
DriveDesignType_NominalPowerConsumption_EngineeringUnits,9365,Variable
DriveDesignType_NominalVoltage_Definition,9366,Variable
DriveDesignType_NominalVoltage_EURange,9367,Variable
DriveDesignType_NominalVoltage_EngineeringUnits,9368,Variable
DriveDesignType_PowerFactor_Definition,9369,Variable
DriveDesignType_PowerFactor_EURange,9370,Variable
DriveDesignType_PowerFactor_EngineeringUnits,9371,Variable
DriveDesignType_RatedCurrent_Definition,9372,Variable
DriveDesignType_RatedCurrent_EURange,9373,Variable
DriveDesignType_RatedCurrent_EngineeringUnits,9374,Variable
DriveDesignType_RatedSpeed_Definition,9375,Variable
DriveDesignType_RatedSpeed_EURange,9376,Variable
DriveDesignType_RatedSpeed_EngineeringUnits,9377,Variable
DriveDesignType_TorqueAtNominalSpeedOfDrive_Definition,9378,Variable
DriveDesignType_TorqueAtNominalSpeedOfDrive_EURange,9379,Variable
DriveDesignType_TorqueAtNominalSpeedOfDrive_EngineeringUnits,9380,Variable
OutletConnectionSystemRequirementsType_BackingPressure,9381,Variable
OutletConnectionSystemRequirementsType_BackingPressure_Definition,9382,Variable
OutletConnectionSystemRequirementsType_BackingPressure_EURange,9383,Variable
OutletConnectionSystemRequirementsType_BackingPressure_EngineeringUnits,9384,Variable
InletConnectionSystemRequirementsType_InletPressure,9385,Variable
InletConnectionSystemRequirementsType_InletPressure_Definition,9386,Variable
InletConnectionSystemRequirementsType_InletPressure_EURange,9387,Variable
InletConnectionSystemRequirementsType_InletPressure_EngineeringUnits,9388,Variable
ConnectionImplementationType_NominalSize,9389,Variable
ConnectionImplementationType_NominalSize_Definition,9390,Variable
OutletConnectionImplementationType_HeightOfTheOutletConnection,9391,Variable
OutletConnectionImplementationType_MeanRatedVelocityAtOutlet,9392,Variable
OutletConnectionImplementationType_RatedOutletPressure,9393,Variable
OutletConnectionImplementationType_TotalHeadAtOutletAreaOfThePump,9394,Variable
OutletConnectionImplementationType_HeightOfTheOutletConnection_Definition,9395,Variable
OutletConnectionImplementationType_HeightOfTheOutletConnection_EURange,9396,Variable
OutletConnectionImplementationType_HeightOfTheOutletConnection_EngineeringUnits,9397,Variable
OutletConnectionImplementationType_MeanRatedVelocityAtOutlet_Definition,9398,Variable
OutletConnectionImplementationType_MeanRatedVelocityAtOutlet_EURange,9399,Variable
OutletConnectionImplementationType_MeanRatedVelocityAtOutlet_EngineeringUnits,9400,Variable
OutletConnectionImplementationType_RatedOutletPressure_Definition,9401,Variable
OutletConnectionImplementationType_RatedOutletPressure_EURange,9402,Variable
OutletConnectionImplementationType_RatedOutletPressure_EngineeringUnits,9403,Variable
OutletConnectionImplementationType_TotalHeadAtOutletAreaOfThePump_Definition,9404,Variable
OutletConnectionImplementationType_TotalHeadAtOutletAreaOfThePump_EURange,9405,Variable
OutletConnectionImplementationType_TotalHeadAtOutletAreaOfThePump_EngineeringUnits,9406,Variable
InletConnectionImplementationType_HeightOfTheInletConnection,9407,Variable
InletConnectionImplementationType_MeanRatedVelocityAtInlet,9408,Variable
InletConnectionImplementationType_RatedInletPressure,9409,Variable
InletConnectionImplementationType_TotalHeadAtInletAreaOfThePump,9410,Variable
InletConnectionImplementationType_HeightOfTheInletConnection_Definition,9411,Variable
InletConnectionImplementationType_HeightOfTheInletConnection_EURange,9412,Variable
InletConnectionImplementationType_HeightOfTheInletConnection_EngineeringUnits,9413,Variable
InletConnectionImplementationType_MeanRatedVelocityAtInlet_Definition,9414,Variable
InletConnectionImplementationType_MeanRatedVelocityAtInlet_EURange,9415,Variable
InletConnectionImplementationType_MeanRatedVelocityAtInlet_EngineeringUnits,9416,Variable
InletConnectionImplementationType_RatedInletPressure_Definition,9417,Variable
InletConnectionImplementationType_RatedInletPressure_EURange,9418,Variable
InletConnectionImplementationType_RatedInletPressure_EngineeringUnits,9419,Variable
InletConnectionImplementationType_TotalHeadAtInletAreaOfThePump_Definition,9420,Variable
InletConnectionImplementationType_TotalHeadAtInletAreaOfThePump_EURange,9421,Variable
InletConnectionImplementationType_TotalHeadAtInletAreaOfThePump_EngineeringUnits,9422,Variable
OutletConnectionMeasurementsType_MeanVelocityAtOutlet,9423,Variable
MeasurementsType_AmbientTemperature_EURange,9424,Variable
OutletConnectionMeasurementsType_MeanVelocityAtOutlet_Definition,9425,Variable
OutletConnectionMeasurementsType_MeanVelocityAtOutlet_EURange,9426,Variable
OutletConnectionMeasurementsType_MeanVelocityAtOutlet_EngineeringUnits,9427,Variable
OutletConnectionMeasurementsType_OutletTemperatureOfThePump,9428,Variable
MeasurementsType_AmbientTemperature_EngineeringUnits,9429,Variable
OutletConnectionMeasurementsType_OutletTemperatureOfThePump_Definition,9430,Variable
OutletConnectionMeasurementsType_OutletTemperatureOfThePump_EURange,9431,Variable
OutletConnectionMeasurementsType_OutletTemperatureOfThePump_EngineeringUnits,9432,Variable
InletConnectionMeasurementsType_InletTemperatureOfThePump,9433,Variable
PumpType_Operational_Measurements_AmbientHumidity_KindOfQuantity,9434,Variable
InletConnectionMeasurementsType_MeanVelocityAtInlet,9435,Variable
OperationalGroupType_Measurements_AmbientTemperature_Definition,9436,Variable
InletConnectionMeasurementsType_InletTemperatureOfThePump_Definition,9437,Variable
InletConnectionMeasurementsType_InletTemperatureOfThePump_EURange,9438,Variable
InletConnectionMeasurementsType_InletTemperatureOfThePump_EngineeringUnits,9439,Variable
InletConnectionMeasurementsType_MeanVelocityAtInlet_Definition,9440,Variable
InletConnectionMeasurementsType_MeanVelocityAtInlet_EURange,9441,Variable
InletConnectionMeasurementsType_MeanVelocityAtInlet_EngineeringUnits,9442,Variable
DriveMeasurementsType_Current,9443,Variable
OperationalGroupType_Measurements_AmbientTemperature_EngineeringUnits,9444,Variable
DriveMeasurementsType_DCLinkCurrent,9445,Variable
OperationalGroupType_Measurements_AmbientTemperature_EURange,9446,Variable
DriveMeasurementsType_DCLinkVoltage,9447,Variable
MeasurementsType_AmbientTemperature_KindOfQuantity,9448,Variable
DriveMeasurementsType_DriverPowerInput,9449,Variable
PumpType_Operational_Measurements_AmbientTemperature_Definition,9450,Variable
DriveMeasurementsType_EnergyConsumption,9451,Variable
PumpType_Operational_Measurements_AmbientTemperature_EngineeringUnits,9452,Variable
DriveMeasurementsType_Frequency,9453,Variable
PumpType_Operational_Measurements_AmbientTemperature_EURange,9454,Variable
DriveMeasurementsType_MotorCurrent,9455,Variable
OperationalGroupType_Measurements_AmbientTemperature_KindOfQuantity,9456,Variable
DriveMeasurementsType_MotorEfficiency,9457,Variable
PumpType_Operational_Measurements_AmbientTemperature_KindOfQuantity,9458,Variable
DriveMeasurementsType_MotorTemperature,9459,Variable
MeasurementsType_ClearanceFlow_KindOfQuantity,9460,Variable
DriveMeasurementsType_MotorVoltage,9461,Variable
OperationalGroupType_Measurements_ClearanceFlow_KindOfQuantity,9462,Variable
DriveMeasurementsType_PowerFactor,9463,Variable
MeasurementsType_AxialLoadOfPumpRotor_Definition,9464,Variable
DriveMeasurementsType_Torque,9465,Variable
MeasurementsType_AxialLoadOfPumpRotor_EURange,9466,Variable
DriveMeasurementsType_Voltage,9467,Variable
MeasurementsType_AxialLoadOfPumpRotor_EngineeringUnits,9468,Variable
DriveMeasurementsType_Current_Definition,9469,Variable
DriveMeasurementsType_Current_EURange,9470,Variable
DriveMeasurementsType_Current_EngineeringUnits,9471,Variable
DriveMeasurementsType_DCLinkCurrent_Definition,9472,Variable
DriveMeasurementsType_DCLinkCurrent_EURange,9473,Variable
DriveMeasurementsType_DCLinkCurrent_EngineeringUnits,9474,Variable
DriveMeasurementsType_DCLinkVoltage_Definition,9475,Variable
DriveMeasurementsType_DCLinkVoltage_EURange,9476,Variable
DriveMeasurementsType_DCLinkVoltage_EngineeringUnits,9477,Variable
DriveMeasurementsType_DriverPowerInput_Definition,9478,Variable
DriveMeasurementsType_DriverPowerInput_EURange,9479,Variable
DriveMeasurementsType_DriverPowerInput_EngineeringUnits,9480,Variable
DriveMeasurementsType_EnergyConsumption_Definition,9481,Variable
DriveMeasurementsType_EnergyConsumption_EURange,9482,Variable
DriveMeasurementsType_EnergyConsumption_EngineeringUnits,9483,Variable
DriveMeasurementsType_Frequency_Definition,9484,Variable
DriveMeasurementsType_Frequency_EURange,9485,Variable
DriveMeasurementsType_Frequency_EngineeringUnits,9486,Variable
DriveMeasurementsType_MotorCurrent_Definition,9487,Variable
DriveMeasurementsType_MotorCurrent_EURange,9488,Variable
DriveMeasurementsType_MotorCurrent_EngineeringUnits,9489,Variable
DriveMeasurementsType_MotorEfficiency_Definition,9490,Variable
DriveMeasurementsType_MotorEfficiency_EURange,9491,Variable
DriveMeasurementsType_MotorEfficiency_EngineeringUnits,9492,Variable
DriveMeasurementsType_MotorTemperature_Definition,9493,Variable
DriveMeasurementsType_MotorTemperature_EURange,9494,Variable
DriveMeasurementsType_MotorTemperature_EngineeringUnits,9495,Variable
DriveMeasurementsType_MotorVoltage_Definition,9496,Variable
DriveMeasurementsType_MotorVoltage_EURange,9497,Variable
DriveMeasurementsType_MotorVoltage_EngineeringUnits,9498,Variable
DriveMeasurementsType_PowerFactor_Definition,9499,Variable
DriveMeasurementsType_PowerFactor_EURange,9500,Variable
DriveMeasurementsType_PowerFactor_EngineeringUnits,9501,Variable
DriveMeasurementsType_Torque_Definition,9502,Variable
DriveMeasurementsType_Torque_EURange,9503,Variable
DriveMeasurementsType_Torque_EngineeringUnits,9504,Variable
DriveMeasurementsType_Voltage_Definition,9505,Variable
DriveMeasurementsType_Voltage_EURange,9506,Variable
DriveMeasurementsType_Voltage_EngineeringUnits,9507,Variable
DrivePortType_Design_ProtectionClass,9508,Variable
DrivePortType_Design_EnergyEfficiencyClassOfMotor,9509,Variable
DrivePortType_Design_MaxNominalFrequency,9510,Variable
DrivePortType_Design_MinNominalFrequency,9511,Variable
DrivePortType_Design_MotorEfficiency,9512,Variable
DrivePortType_Design_NominalFrequency,9513,Variable
DrivePortType_Design_NominalPowerConsumption,9514,Variable
MeasurementsType_AmbientTemperature,9515,Variable
DrivePortType_Design_NominalVoltage,9516,Variable
DrivePortType_Design_PowerFactor,9517,Variable
DrivePortType_Design_RatedCurrent,9518,Variable
DrivePortType_Design_RatedSpeed,9519,Variable
DrivePortType_Design_TorqueAtNominalSpeedOfDrive,9520,Variable
DrivePortType_Design_ProtectionClass_Definition,9521,Variable
DrivePortType_Design_EnergyEfficiencyClassOfMotor_Definition,9522,Variable
DrivePortType_Design_MaxNominalFrequency_Definition,9523,Variable
DrivePortType_Design_MaxNominalFrequency_EURange,9524,Variable
DrivePortType_Design_MaxNominalFrequency_EngineeringUnits,9525,Variable
DrivePortType_Design_MinNominalFrequency_Definition,9526,Variable
DrivePortType_Design_MinNominalFrequency_EURange,9527,Variable
DrivePortType_Design_MinNominalFrequency_EngineeringUnits,9528,Variable
DrivePortType_Design_MotorEfficiency_Definition,9529,Variable
DrivePortType_Design_MotorEfficiency_EURange,9530,Variable
DrivePortType_Design_MotorEfficiency_EngineeringUnits,9531,Variable
DrivePortType_Design_NominalFrequency_Definition,9532,Variable
DrivePortType_Design_NominalFrequency_EURange,9533,Variable
DrivePortType_Design_NominalFrequency_EngineeringUnits,9534,Variable
DrivePortType_Design_NominalPowerConsumption_Definition,9535,Variable
DrivePortType_Design_NominalPowerConsumption_EURange,9536,Variable
DrivePortType_Design_NominalPowerConsumption_EngineeringUnits,9537,Variable
PumpType_Operational_Measurements_ClearanceFlow_KindOfQuantity,9538,Variable
DrivePortType_Design_NominalVoltage_Definition,9539,Variable
DrivePortType_Design_NominalVoltage_EURange,9540,Variable
DrivePortType_Design_NominalVoltage_EngineeringUnits,9541,Variable
DrivePortType_Design_PowerFactor_Definition,9542,Variable
DrivePortType_Design_PowerFactor_EURange,9543,Variable
DrivePortType_Design_PowerFactor_EngineeringUnits,9544,Variable
DrivePortType_Design_RatedCurrent_Definition,9545,Variable
DrivePortType_Design_RatedCurrent_EURange,9546,Variable
DrivePortType_Design_RatedCurrent_EngineeringUnits,9547,Variable
DrivePortType_Design_RatedSpeed_Definition,9548,Variable
DrivePortType_Design_RatedSpeed_EURange,9549,Variable
DrivePortType_Design_RatedSpeed_EngineeringUnits,9550,Variable
DrivePortType_Design_TorqueAtNominalSpeedOfDrive_Definition,9551,Variable
DrivePortType_Design_TorqueAtNominalSpeedOfDrive_EURange,9552,Variable
DrivePortType_Design_TorqueAtNominalSpeedOfDrive_EngineeringUnits,9553,Variable
DrivePortType_Measurements_Current,9554,Variable
OperationalGroupType_Measurements_AxialLoadOfPumpRotor_Definition,9555,Variable
DrivePortType_Measurements_DCLinkCurrent,9556,Variable
OperationalGroupType_Measurements_AxialLoadOfPumpRotor_EngineeringUnits,9557,Variable
DrivePortType_Measurements_DCLinkVoltage,9558,Variable
OperationalGroupType_Measurements_AxialLoadOfPumpRotor_EURange,9559,Variable
DrivePortType_Measurements_DriverPowerInput,9560,Variable
MeasurementsType_CoolantTemperature_Definition,9561,Variable
DrivePortType_Measurements_EnergyConsumption,9562,Variable
PumpType_Operational_Measurements_AxialLoadOfPumpRotor_Definition,9563,Variable
DrivePortType_Measurements_Frequency,9564,Variable
PumpType_Operational_Measurements_AxialLoadOfPumpRotor_EngineeringUnits,9565,Variable
DrivePortType_Measurements_MotorCurrent,9566,Variable
PumpType_Operational_Measurements_AxialLoadOfPumpRotor_EURange,9567,Variable
DrivePortType_Measurements_MotorEfficiency,9568,Variable
MeasurementsType_CoolantTemperature_EURange,9569,Variable
DrivePortType_Measurements_MotorTemperature,9570,Variable
MeasurementsType_AxialLoadOfPumpRotor_KindOfQuantity,9571,Variable
DrivePortType_Measurements_MotorVoltage,9572,Variable
OperationalGroupType_Measurements_AxialLoadOfPumpRotor_KindOfQuantity,9573,Variable
DrivePortType_Measurements_PowerFactor,9574,Variable
PumpType_Operational_Measurements_AxialLoadOfPumpRotor_KindOfQuantity,9575,Variable
DrivePortType_Measurements_Torque,9576,Variable
MeasurementsType_AxialRotorPosition_Definition,9577,Variable
DrivePortType_Measurements_Voltage,9578,Variable
MeasurementsType_AxialRotorPosition_EURange,9579,Variable
DrivePortType_Measurements_Current_Definition,9580,Variable
DrivePortType_Measurements_Current_EURange,9581,Variable
DrivePortType_Measurements_Current_EngineeringUnits,9582,Variable
DrivePortType_Measurements_DCLinkCurrent_Definition,9583,Variable
DrivePortType_Measurements_DCLinkCurrent_EURange,9584,Variable
DrivePortType_Measurements_DCLinkCurrent_EngineeringUnits,9585,Variable
DrivePortType_Measurements_DCLinkVoltage_Definition,9586,Variable
DrivePortType_Measurements_DCLinkVoltage_EURange,9587,Variable
DrivePortType_Measurements_DCLinkVoltage_EngineeringUnits,9588,Variable
DrivePortType_Measurements_DriverPowerInput_Definition,9589,Variable
DrivePortType_Measurements_DriverPowerInput_EURange,9590,Variable
DrivePortType_Measurements_DriverPowerInput_EngineeringUnits,9591,Variable
DrivePortType_Measurements_EnergyConsumption_Definition,9592,Variable
DrivePortType_Measurements_EnergyConsumption_EURange,9593,Variable
DrivePortType_Measurements_EnergyConsumption_EngineeringUnits,9594,Variable
DrivePortType_Measurements_Frequency_Definition,9595,Variable
DrivePortType_Measurements_Frequency_EURange,9596,Variable
DrivePortType_Measurements_Frequency_EngineeringUnits,9597,Variable
DrivePortType_Measurements_MotorCurrent_Definition,9598,Variable
DrivePortType_Measurements_MotorCurrent_EURange,9599,Variable
DrivePortType_Measurements_MotorCurrent_EngineeringUnits,9600,Variable
DrivePortType_Measurements_MotorEfficiency_Definition,9601,Variable
DrivePortType_Measurements_MotorEfficiency_EURange,9602,Variable
DrivePortType_Measurements_MotorEfficiency_EngineeringUnits,9603,Variable
DrivePortType_Measurements_MotorTemperature_Definition,9604,Variable
DrivePortType_Measurements_MotorTemperature_EURange,9605,Variable
DrivePortType_Measurements_MotorTemperature_EngineeringUnits,9606,Variable
DrivePortType_Measurements_MotorVoltage_Definition,9607,Variable
DrivePortType_Measurements_MotorVoltage_EURange,9608,Variable
DrivePortType_Measurements_MotorVoltage_EngineeringUnits,9609,Variable
DrivePortType_Measurements_PowerFactor_Definition,9610,Variable
DrivePortType_Measurements_PowerFactor_EURange,9611,Variable
DrivePortType_Measurements_PowerFactor_EngineeringUnits,9612,Variable
DrivePortType_Measurements_Torque_Definition,9613,Variable
DrivePortType_Measurements_Torque_EURange,9614,Variable
DrivePortType_Measurements_Torque_EngineeringUnits,9615,Variable
DrivePortType_Measurements_Voltage_Definition,9616,Variable
DrivePortType_Measurements_Voltage_EURange,9617,Variable
DrivePortType_Measurements_Voltage_EngineeringUnits,9618,Variable
InletConnectionPortType_Design_CriticalBackingPressure,9619,Variable
InletConnectionPortType_Design_InletAreaOfThePump,9620,Variable
InletConnectionPortType_Design_MaximumAllowableInletPressure,9621,Variable
InletConnectionPortType_Design_MaximumTolerableWaterVaporInletPressure,9622,Variable
InletConnectionPortType_Design_MaximumWorkingPressure,9623,Variable
InletConnectionPortType_Design_MinimumAllowableInletPressure,9624,Variable
InletConnectionPortType_Design_NetPositiveInletPressureRequired,9625,Variable
InletConnectionPortType_Design_NominalPressure,9626,Variable
InletConnectionPortType_Design_WaterVaporCapacity,9627,Variable
InletConnectionPortType_Design_CriticalBackingPressure_Definition,9628,Variable
InletConnectionPortType_Design_CriticalBackingPressure_EURange,9629,Variable
InletConnectionPortType_Design_CriticalBackingPressure_EngineeringUnits,9630,Variable
InletConnectionPortType_Design_InletAreaOfThePump_Definition,9631,Variable
InletConnectionPortType_Design_InletAreaOfThePump_EURange,9632,Variable
InletConnectionPortType_Design_InletAreaOfThePump_EngineeringUnits,9633,Variable
InletConnectionPortType_Design_MaximumAllowableInletPressure_Definition,9634,Variable
InletConnectionPortType_Design_MaximumAllowableInletPressure_EURange,9635,Variable
InletConnectionPortType_Design_MaximumAllowableInletPressure_EngineeringUnits,9636,Variable
InletConnectionPortType_Design_MaximumTolerableWaterVaporInletPressure_Definition,9637,Variable
InletConnectionPortType_Design_MaximumTolerableWaterVaporInletPressure_EURange,9638,Variable
InletConnectionPortType_Design_MaximumTolerableWaterVaporInletPressure_EngineeringUnits,9639,Variable
InletConnectionPortType_Design_MaximumWorkingPressure_Definition,9640,Variable
InletConnectionPortType_Design_MaximumWorkingPressure_EURange,9641,Variable
InletConnectionPortType_Design_MaximumWorkingPressure_EngineeringUnits,9642,Variable
InletConnectionPortType_Design_MinimumAllowableInletPressure_Definition,9643,Variable
InletConnectionPortType_Design_MinimumAllowableInletPressure_EURange,9644,Variable
InletConnectionPortType_Design_MinimumAllowableInletPressure_EngineeringUnits,9645,Variable
InletConnectionPortType_Design_NetPositiveInletPressureRequired_Definition,9646,Variable
InletConnectionPortType_Design_NetPositiveInletPressureRequired_EURange,9647,Variable
InletConnectionPortType_Design_NetPositiveInletPressureRequired_EngineeringUnits,9648,Variable
InletConnectionPortType_Design_NominalPressure_Definition,9649,Variable
InletConnectionPortType_Design_WaterVaporCapacity_Definition,9650,Variable
InletConnectionPortType_Design_WaterVaporCapacity_EURange,9651,Variable
InletConnectionPortType_Design_WaterVaporCapacity_EngineeringUnits,9652,Variable
InletConnectionPortType_Implementation_HeightOfTheInletConnection,9653,Variable
InletConnectionPortType_Implementation_MeanRatedVelocityAtInlet,9654,Variable
InletConnectionPortType_Implementation_NominalSize,9655,Variable
InletConnectionPortType_Implementation_RatedInletPressure,9656,Variable
InletConnectionPortType_Implementation_TotalHeadAtInletAreaOfThePump,9657,Variable
InletConnectionPortType_Implementation_HeightOfTheInletConnection_Definition,9658,Variable
InletConnectionPortType_Implementation_HeightOfTheInletConnection_EURange,9659,Variable
InletConnectionPortType_Implementation_HeightOfTheInletConnection_EngineeringUnits,9660,Variable
InletConnectionPortType_Implementation_MeanRatedVelocityAtInlet_Definition,9661,Variable
InletConnectionPortType_Implementation_MeanRatedVelocityAtInlet_EURange,9662,Variable
InletConnectionPortType_Implementation_MeanRatedVelocityAtInlet_EngineeringUnits,9663,Variable
InletConnectionPortType_Implementation_NominalSize_Definition,9664,Variable
InletConnectionPortType_Implementation_RatedInletPressure_Definition,9665,Variable
InletConnectionPortType_Implementation_RatedInletPressure_EURange,9666,Variable
InletConnectionPortType_Implementation_RatedInletPressure_EngineeringUnits,9667,Variable
InletConnectionPortType_Implementation_TotalHeadAtInletAreaOfThePump_Definition,9668,Variable
InletConnectionPortType_Implementation_TotalHeadAtInletAreaOfThePump_EURange,9669,Variable
InletConnectionPortType_Implementation_TotalHeadAtInletAreaOfThePump_EngineeringUnits,9670,Variable
InletConnectionPortType_Measurements_InletTemperatureOfThePump,9671,Variable
MeasurementsType_AxialRotorPosition_EngineeringUnits,9672,Variable
InletConnectionPortType_Measurements_MeanVelocityAtInlet,9673,Variable
MeasurementsType_CoolantTemperature_EngineeringUnits,9674,Variable
InletConnectionPortType_Measurements_InletTemperatureOfThePump_Definition,9675,Variable
InletConnectionPortType_Measurements_InletTemperatureOfThePump_EURange,9676,Variable
InletConnectionPortType_Measurements_InletTemperatureOfThePump_EngineeringUnits,9677,Variable
InletConnectionPortType_Measurements_MeanVelocityAtInlet_Definition,9678,Variable
InletConnectionPortType_Measurements_MeanVelocityAtInlet_EURange,9679,Variable
InletConnectionPortType_Measurements_MeanVelocityAtInlet_EngineeringUnits,9680,Variable
InletConnectionPortType_SystemRequirements_InletPressure,9681,Variable
InletConnectionPortType_SystemRequirements_InletPressure_Definition,9682,Variable
InletConnectionPortType_SystemRequirements_InletPressure_EURange,9683,Variable
InletConnectionPortType_SystemRequirements_InletPressure_EngineeringUnits,9684,Variable
OutletConnectionPortType_Design_MaximumAllowableOutletPressure,9685,Variable
OutletConnectionPortType_Design_MinimumAllowableOutetPressure,9686,Variable
OutletConnectionPortType_Design_NominalPressure,9687,Variable
OutletConnectionPortType_Design_OutletAreaOfThePump,9688,Variable
OutletConnectionPortType_Design_ReliefValveAccumulationPressure,9689,Variable
OutletConnectionPortType_Design_ReliefValveBackPressure,9690,Variable
OutletConnectionPortType_Design_ReliefValveReseatPressure,9691,Variable
OutletConnectionPortType_Design_ReliefValveSetPressure,9692,Variable
OutletConnectionPortType_Design_MaximumAllowableOutletPressure_Definition,9693,Variable
OutletConnectionPortType_Design_MaximumAllowableOutletPressure_EURange,9694,Variable
OutletConnectionPortType_Design_MaximumAllowableOutletPressure_EngineeringUnits,9695,Variable
OutletConnectionPortType_Design_MinimumAllowableOutetPressure_Definition,9696,Variable
OutletConnectionPortType_Design_MinimumAllowableOutetPressure_EURange,9697,Variable
OutletConnectionPortType_Design_MinimumAllowableOutetPressure_EngineeringUnits,9698,Variable
OutletConnectionPortType_Design_NominalPressure_Definition,9699,Variable
OutletConnectionPortType_Design_OutletAreaOfThePump_Definition,9700,Variable
OutletConnectionPortType_Design_OutletAreaOfThePump_EURange,9701,Variable
OutletConnectionPortType_Design_OutletAreaOfThePump_EngineeringUnits,9702,Variable
OutletConnectionPortType_Design_ReliefValveAccumulationPressure_Definition,9703,Variable
OutletConnectionPortType_Design_ReliefValveAccumulationPressure_EURange,9704,Variable
OutletConnectionPortType_Design_ReliefValveAccumulationPressure_EngineeringUnits,9705,Variable
OutletConnectionPortType_Design_ReliefValveBackPressure_Definition,9706,Variable
OutletConnectionPortType_Design_ReliefValveBackPressure_EURange,9707,Variable
OutletConnectionPortType_Design_ReliefValveBackPressure_EngineeringUnits,9708,Variable
OutletConnectionPortType_Design_ReliefValveReseatPressure_Definition,9709,Variable
OutletConnectionPortType_Design_ReliefValveReseatPressure_EURange,9710,Variable
OutletConnectionPortType_Design_ReliefValveReseatPressure_EngineeringUnits,9711,Variable
OutletConnectionPortType_Design_ReliefValveSetPressure_Definition,9712,Variable
OutletConnectionPortType_Design_ReliefValveSetPressure_EURange,9713,Variable
OutletConnectionPortType_Design_ReliefValveSetPressure_EngineeringUnits,9714,Variable
OutletConnectionPortType_Implementation_HeightOfTheOutletConnection,9715,Variable
OutletConnectionPortType_Implementation_MeanRatedVelocityAtOutlet,9716,Variable
OutletConnectionPortType_Implementation_NominalSize,9717,Variable
OutletConnectionPortType_Implementation_RatedOutletPressure,9718,Variable
OutletConnectionPortType_Implementation_TotalHeadAtOutletAreaOfThePump,9719,Variable
OutletConnectionPortType_Implementation_HeightOfTheOutletConnection_Definition,9720,Variable
OutletConnectionPortType_Implementation_HeightOfTheOutletConnection_EURange,9721,Variable
OutletConnectionPortType_Implementation_HeightOfTheOutletConnection_EngineeringUnits,9722,Variable
OutletConnectionPortType_Implementation_MeanRatedVelocityAtOutlet_Definition,9723,Variable
OutletConnectionPortType_Implementation_MeanRatedVelocityAtOutlet_EURange,9724,Variable
OutletConnectionPortType_Implementation_MeanRatedVelocityAtOutlet_EngineeringUnits,9725,Variable
OutletConnectionPortType_Implementation_NominalSize_Definition,9726,Variable
OutletConnectionPortType_Implementation_RatedOutletPressure_Definition,9727,Variable
OutletConnectionPortType_Implementation_RatedOutletPressure_EURange,9728,Variable
OutletConnectionPortType_Implementation_RatedOutletPressure_EngineeringUnits,9729,Variable
OutletConnectionPortType_Implementation_TotalHeadAtOutletAreaOfThePump_Definition,9730,Variable
OutletConnectionPortType_Implementation_TotalHeadAtOutletAreaOfThePump_EURange,9731,Variable
OutletConnectionPortType_Implementation_TotalHeadAtOutletAreaOfThePump_EngineeringUnits,9732,Variable
OutletConnectionPortType_Measurements_MeanVelocityAtOutlet,9733,Variable
OperationalGroupType_Measurements_AxialRotorPosition_Definition,9734,Variable
OutletConnectionPortType_Measurements_OutletTemperatureOfThePump,9735,Variable
OperationalGroupType_Measurements_AxialRotorPosition_EngineeringUnits,9736,Variable
OutletConnectionPortType_Measurements_MeanVelocityAtOutlet_Definition,9737,Variable
OutletConnectionPortType_Measurements_MeanVelocityAtOutlet_EURange,9738,Variable
OutletConnectionPortType_Measurements_MeanVelocityAtOutlet_EngineeringUnits,9739,Variable
OutletConnectionPortType_Measurements_OutletTemperatureOfThePump_Definition,9740,Variable
OutletConnectionPortType_Measurements_OutletTemperatureOfThePump_EURange,9741,Variable
OutletConnectionPortType_Measurements_OutletTemperatureOfThePump_EngineeringUnits,9742,Variable
OutletConnectionPortType_SystemRequirements_BackingPressure,9743,Variable
OutletConnectionPortType_SystemRequirements_BackingPressure_Definition,9744,Variable
OutletConnectionPortType_SystemRequirements_BackingPressure_EURange,9745,Variable
OutletConnectionPortType_SystemRequirements_BackingPressure_EngineeringUnits,9746,Variable
PumpType_Identification_Manufacturer,9747,Variable
PumpType_Identification_ProductInstanceUri,9748,Variable
PumpType_Identification_SerialNumber,9749,Variable
SupervisionType_SupervisionPumpOperation_MaximumOperationTime,9750,Variable
SupervisionType_SupervisionPumpOperation_MaximumOperationTime_FalseState,9751,Variable
SupervisionType_SupervisionPumpOperation_MaximumOperationTime_TrueState,9752,Variable
SupervisionType_SupervisionPumpOperation_MaximumStartsAtTime,9753,Variable
SupervisionType_SupervisionPumpOperation_MaximumStartsAtTime_FalseState,9754,Variable
SupervisionType_SupervisionPumpOperation_MaximumStartsAtTime_TrueState,9755,Variable
SupervisionType_SupervisionPumpOperation_MotorHumidity,9756,Variable
SupervisionType_SupervisionPumpOperation_MotorHumidity_FalseState,9757,Variable
SupervisionType_SupervisionPumpOperation_MotorHumidity_TrueState,9758,Variable
SupervisionType_SupervisionPumpOperation_MotorOverheat,9759,Variable
SupervisionType_SupervisionPumpOperation_MotorOverheat_FalseState,9760,Variable
SupervisionType_SupervisionPumpOperation_MotorOverheat_TrueState,9761,Variable
SupervisionType_SupervisionPumpOperation_OperationFault,9762,Variable
SupervisionType_SupervisionPumpOperation_OperationFault_FalseState,9763,Variable
SupervisionType_SupervisionPumpOperation_OperationFault_TrueState,9764,Variable
SupervisionType_SupervisionPumpOperation_OverLoad,9765,Variable
SupervisionType_SupervisionPumpOperation_OverLoad_FalseState,9766,Variable
SupervisionType_SupervisionPumpOperation_OverLoad_TrueState,9767,Variable
SupervisionType_SupervisionPumpOperation_OverSpeed,9768,Variable
SupervisionType_SupervisionPumpOperation_OverSpeed_FalseState,9769,Variable
SupervisionType_SupervisionPumpOperation_OverSpeed_TrueState,9770,Variable
SupervisionType_SupervisionPumpOperation_PartialLoad,9771,Variable
SupervisionType_SupervisionPumpOperation_PartialLoad_FalseState,9772,Variable
SupervisionType_SupervisionPumpOperation_PartialLoad_TrueState,9773,Variable
SupervisionType_SupervisionPumpOperation_Synchronisation,9774,Variable
SupervisionType_SupervisionPumpOperation_Synchronisation_FalseState,9775,Variable
SupervisionType_SupervisionPumpOperation_Synchronisation_TrueState,9776,Variable
SupervisionType_SupervisionPumpOperation_TMSFailure,9777,Variable
SupervisionType_SupervisionPumpOperation_TMSFailure_FalseState,9778,Variable
SupervisionType_SupervisionPumpOperation_TMSFailure_TrueState,9779,Variable
SupervisionType_SupervisionPumpOperation_TemperatureFault,9780,Variable
SupervisionType_SupervisionPumpOperation_TemperatureFault_FalseState,9781,Variable
SupervisionType_SupervisionPumpOperation_TemperatureFault_TrueState,9782,Variable
SupervisionType_SupervisionPumpOperation_TimeOut,9783,Variable
SupervisionType_SupervisionPumpOperation_TimeOut_FalseState,9784,Variable
SupervisionType_SupervisionPumpOperation_TimeOut_TrueState,9785,Variable
SupervisionType_SupervisionPumpOperation_TorqueLimit,9786,Variable
SupervisionType_SupervisionPumpOperation_TorqueLimit_FalseState,9787,Variable
SupervisionType_SupervisionPumpOperation_TorqueLimit_TrueState,9788,Variable
SupervisionType_SupervisionPumpOperation_TurbineOperation,9789,Variable
SupervisionType_SupervisionPumpOperation_TurbineOperation_FalseState,9790,Variable
SupervisionType_SupervisionPumpOperation_TurbineOperation_TrueState,9791,Variable
SupervisionType_SupervisionPumpOperation_UnderSpeed,9792,Variable
SupervisionType_SupervisionPumpOperation_UnderSpeed_FalseState,9793,Variable
SupervisionType_SupervisionPumpOperation_UnderSpeed_TrueState,9794,Variable
SupervisionType_SupervisionPumpOperation_VelocityLimit,9795,Variable
SupervisionType_SupervisionPumpOperation_VelocityLimit_FalseState,9796,Variable
SupervisionType_SupervisionPumpOperation_VelocityLimit_TrueState,9797,Variable
SupervisionType_SupervisionPumpOperation_WearReserveExhausted,9798,Variable
SupervisionType_SupervisionPumpOperation_WearReserveExhausted_FalseState,9799,Variable
SupervisionType_SupervisionPumpOperation_WearReserveExhausted_TrueState,9800,Variable
SupervisionType_SupervisionPumpOperation_AccessoryLiquidFlow_Definition,9801,Variable
SupervisionType_SupervisionPumpOperation_AccessoryLiquidHigh_Definition,9802,Variable
SupervisionType_SupervisionPumpOperation_AccessoryLiquidLow_Definition,9803,Variable
SupervisionType_SupervisionPumpOperation_AccessoryLiquidOverheat_Definition,9804,Variable
SupervisionType_SupervisionPumpOperation_AccessoryLiquidPressure_Definition,9805,Variable
SupervisionType_SupervisionPumpOperation_AmbientTemperature_Definition,9806,Variable
SupervisionType_SupervisionPumpOperation_CaseOverheat_Definition,9807,Variable
SupervisionType_SupervisionPumpOperation_ControllerOverheat_Definition,9808,Variable
SupervisionType_SupervisionPumpOperation_ConverterOverheat_Definition,9809,Variable
SupervisionType_SupervisionPumpOperation_CoolantFlow_Definition,9810,Variable
SupervisionType_SupervisionPumpOperation_CoolantHigh_Definition,9811,Variable
SupervisionType_SupervisionPumpOperation_CoolantLow_Definition,9812,Variable
SupervisionType_SupervisionPumpOperation_CoolantOverheat_Definition,9813,Variable
SupervisionType_SupervisionPumpOperation_Deceleration_Definition,9814,Variable
SupervisionType_SupervisionPumpOperation_DirtyImpeller_Definition,9815,Variable
SupervisionType_SupervisionPumpOperation_DriveOverheat_Definition,9816,Variable
SupervisionType_SupervisionPumpOperation_GeneratorOperation_Definition,9817,Variable
SupervisionType_SupervisionPumpOperation_Leakage_Definition,9818,Variable
SupervisionType_SupervisionPumpOperation_Lubricant_Definition,9819,Variable
SupervisionType_SupervisionPumpOperation_MaximumNumberStarts_Definition,9820,Variable
SupervisionType_SupervisionPumpOperation_MaximumOperationTime_Definition,9821,Variable
SupervisionType_SupervisionPumpOperation_MaximumStartsAtTime_Definition,9822,Variable
SupervisionType_SupervisionPumpOperation_MotorHumidity_Definition,9823,Variable
SupervisionType_SupervisionPumpOperation_MotorOverheat_Definition,9824,Variable
SupervisionType_SupervisionPumpOperation_OperationFault_Definition,9825,Variable
SupervisionType_SupervisionPumpOperation_OverLoad_Definition,9826,Variable
SupervisionType_SupervisionPumpOperation_OverSpeed_Definition,9827,Variable
SupervisionType_SupervisionPumpOperation_PartialLoad_Definition,9828,Variable
SupervisionType_SupervisionPumpOperation_Synchronisation_Definition,9829,Variable
SupervisionType_SupervisionPumpOperation_TMSFailure_Definition,9830,Variable
SupervisionType_SupervisionPumpOperation_TemperatureFault_Definition,9831,Variable
SupervisionType_SupervisionPumpOperation_TimeOut_Definition,9832,Variable
SupervisionType_SupervisionPumpOperation_TorqueLimit_Definition,9833,Variable
SupervisionType_SupervisionPumpOperation_TurbineOperation_Definition,9834,Variable
SupervisionType_SupervisionPumpOperation_UnderSpeed_Definition,9835,Variable
SupervisionType_SupervisionPumpOperation_VelocityLimit_Definition,9836,Variable
SupervisionType_SupervisionPumpOperation_WearReserveExhausted_Definition,9837,Variable
SupervisionType_SupervisionSoftware_Application,9838,Variable
SupervisionType_SupervisionSoftware_Application_FalseState,9839,Variable
SupervisionType_SupervisionSoftware_Application_TrueState,9840,Variable
SupervisionType_SupervisionSoftware_Communication,9841,Variable
SupervisionType_SupervisionSoftware_Communication_FalseState,9842,Variable
SupervisionType_SupervisionSoftware_Communication_TrueState,9843,Variable
SupervisionType_SupervisionSoftware_Control,9844,Variable
SupervisionType_SupervisionSoftware_Control_FalseState,9845,Variable
SupervisionType_SupervisionSoftware_Control_TrueState,9846,Variable
SupervisionType_SupervisionSoftware_Memory,9847,Variable
SupervisionType_SupervisionSoftware_Memory_FalseState,9848,Variable
SupervisionType_SupervisionSoftware_Memory_TrueState,9849,Variable
SupervisionType_SupervisionSoftware_OS,9850,Variable
SupervisionType_SupervisionSoftware_OS_FalseState,9851,Variable
SupervisionType_SupervisionSoftware_OS_TrueState,9852,Variable
SupervisionType_SupervisionSoftware_Parameter,9853,Variable
SupervisionType_SupervisionSoftware_Parameter_FalseState,9854,Variable
SupervisionType_SupervisionSoftware_Parameter_TrueState,9855,Variable
SupervisionType_SupervisionSoftware_SoftwareFault,9856,Variable
SupervisionType_SupervisionSoftware_SoftwareFault_FalseState,9857,Variable
SupervisionType_SupervisionSoftware_SoftwareFault_TrueState,9858,Variable
SupervisionType_SupervisionSoftware_SoftwareReset,9859,Variable
SupervisionType_SupervisionSoftware_SoftwareReset_FalseState,9860,Variable
SupervisionType_SupervisionSoftware_SoftwareReset_TrueState,9861,Variable
SupervisionType_SupervisionSoftware_Application_Definition,9862,Variable
SupervisionType_SupervisionSoftware_Communication_Definition,9863,Variable
SupervisionType_SupervisionSoftware_Control_Definition,9864,Variable
SupervisionType_SupervisionSoftware_Memory_Definition,9865,Variable
SupervisionType_SupervisionSoftware_OS_Definition,9866,Variable
SupervisionType_SupervisionSoftware_Parameter_Definition,9867,Variable
SupervisionType_SupervisionSoftware_SoftwareFault_Definition,9868,Variable
SupervisionType_SupervisionSoftware_SoftwareReset_Definition,9869,Variable
PumpType_Events_SupervisionAuxiliaryDevice_ActuatorElement,9870,Variable
PumpType_Events_SupervisionAuxiliaryDevice_ActuatorElement_FalseState,9871,Variable
PumpType_Events_SupervisionAuxiliaryDevice_ActuatorElement_TrueState,9872,Variable
PumpType_Events_SupervisionAuxiliaryDevice_AmbientTemperature,9873,Variable
PumpType_Events_SupervisionAuxiliaryDevice_AmbientTemperature_FalseState,9874,Variable
PumpType_Events_SupervisionAuxiliaryDevice_AmbientTemperature_TrueState,9875,Variable
PumpType_Events_SupervisionAuxiliaryDevice_AuxiliaryDeviceFault,9876,Variable
PumpType_Events_SupervisionAuxiliaryDevice_AuxiliaryDeviceFault_FalseState,9877,Variable
PumpType_Events_SupervisionAuxiliaryDevice_AuxiliaryDeviceFault_TrueState,9878,Variable
PumpType_Events_SupervisionAuxiliaryDevice_AuxiliaryMediumAbsence,9879,Variable
PumpType_Events_SupervisionAuxiliaryDevice_AuxiliaryMediumAbsence_FalseState,9880,Variable
PumpType_Events_SupervisionAuxiliaryDevice_AuxiliaryMediumAbsence_TrueState,9881,Variable
PumpType_Events_SupervisionAuxiliaryDevice_AuxiliaryMediumInsufficiency,9882,Variable
PumpType_Events_SupervisionAuxiliaryDevice_AuxiliaryMediumInsufficiency_FalseState,9883,Variable
PumpType_Events_SupervisionAuxiliaryDevice_AuxiliaryMediumInsufficiency_TrueState,9884,Variable
PumpType_Events_SupervisionAuxiliaryDevice_AuxiliaryPowerPole,9885,Variable
PumpType_Events_SupervisionAuxiliaryDevice_AuxiliaryPowerPole_FalseState,9886,Variable
PumpType_Events_SupervisionAuxiliaryDevice_AuxiliaryPowerPole_TrueState,9887,Variable
PumpType_Events_SupervisionAuxiliaryDevice_AuxiliaryPowerRange,9888,Variable
PumpType_Events_SupervisionAuxiliaryDevice_AuxiliaryPowerRange_FalseState,9889,Variable
PumpType_Events_SupervisionAuxiliaryDevice_AuxiliaryPowerRange_TrueState,9890,Variable
PumpType_Events_SupervisionAuxiliaryDevice_CommunicationError,9891,Variable
PumpType_Events_SupervisionAuxiliaryDevice_CommunicationError_FalseState,9892,Variable
PumpType_Events_SupervisionAuxiliaryDevice_CommunicationError_TrueState,9893,Variable
PumpType_Events_SupervisionAuxiliaryDevice_Corrosion,9894,Variable
PumpType_Events_SupervisionAuxiliaryDevice_Corrosion_FalseState,9895,Variable
PumpType_Events_SupervisionAuxiliaryDevice_Corrosion_TrueState,9896,Variable
PumpType_Events_SupervisionAuxiliaryDevice_Deviation,9897,Variable
PumpType_Events_SupervisionAuxiliaryDevice_Deviation_FalseState,9898,Variable
PumpType_Events_SupervisionAuxiliaryDevice_Deviation_TrueState,9899,Variable
PumpType_Events_SupervisionAuxiliaryDevice_ElectromagneticInterference,9900,Variable
PumpType_Events_SupervisionAuxiliaryDevice_ElectromagneticInterference_FalseState,9901,Variable
PumpType_Events_SupervisionAuxiliaryDevice_ElectromagneticInterference_TrueState,9902,Variable
PumpType_Events_SupervisionAuxiliaryDevice_ElectronicFault,9903,Variable
PumpType_Events_SupervisionAuxiliaryDevice_ElectronicFault_FalseState,9904,Variable
PumpType_Events_SupervisionAuxiliaryDevice_ElectronicFault_TrueState,9905,Variable
PumpType_Events_SupervisionAuxiliaryDevice_EnergySupply,9906,Variable
PumpType_Events_SupervisionAuxiliaryDevice_EnergySupply_FalseState,9907,Variable
PumpType_Events_SupervisionAuxiliaryDevice_EnergySupply_TrueState,9908,Variable
PumpType_Events_SupervisionAuxiliaryDevice_EvaluationElectronics,9909,Variable
PumpType_Events_SupervisionAuxiliaryDevice_EvaluationElectronics_FalseState,9910,Variable
PumpType_Events_SupervisionAuxiliaryDevice_EvaluationElectronics_TrueState,9911,Variable
PumpType_Events_SupervisionAuxiliaryDevice_ExciterError,9912,Variable
PumpType_Events_SupervisionAuxiliaryDevice_ExciterError_FalseState,9913,Variable
PumpType_Events_SupervisionAuxiliaryDevice_ExciterError_TrueState,9914,Variable
PumpType_Events_SupervisionAuxiliaryDevice_Fouling,9915,Variable
PumpType_Events_SupervisionAuxiliaryDevice_Fouling_FalseState,9916,Variable
PumpType_Events_SupervisionAuxiliaryDevice_Fouling_TrueState,9917,Variable
PumpType_Events_SupervisionAuxiliaryDevice_HumidityElectronics,9918,Variable
PumpType_Events_SupervisionAuxiliaryDevice_HumidityElectronics_FalseState,9919,Variable
PumpType_Events_SupervisionAuxiliaryDevice_HumidityElectronics_TrueState,9920,Variable
PumpType_Events_SupervisionAuxiliaryDevice_Installation,9921,Variable
PumpType_Events_SupervisionAuxiliaryDevice_Installation_FalseState,9922,Variable
PumpType_Events_SupervisionAuxiliaryDevice_Installation_TrueState,9923,Variable
PumpType_Events_SupervisionAuxiliaryDevice_Interruption,9924,Variable
PumpType_Events_SupervisionAuxiliaryDevice_Interruption_FalseState,9925,Variable
PumpType_Events_SupervisionAuxiliaryDevice_Interruption_TrueState,9926,Variable
PumpType_Events_SupervisionAuxiliaryDevice_LineLength,9927,Variable
PumpType_Events_SupervisionAuxiliaryDevice_LineLength_FalseState,9928,Variable
PumpType_Events_SupervisionAuxiliaryDevice_LineLength_TrueState,9929,Variable
PumpType_Events_SupervisionAuxiliaryDevice_MaterialElectronics,9930,Variable
PumpType_Events_SupervisionAuxiliaryDevice_MaterialElectronics_FalseState,9931,Variable
PumpType_Events_SupervisionAuxiliaryDevice_MaterialElectronics_TrueState,9932,Variable
PumpType_Events_SupervisionAuxiliaryDevice_MeasuredMaterialElectronics,9933,Variable
PumpType_Events_SupervisionAuxiliaryDevice_MeasuredMaterialElectronics_FalseState,9934,Variable
PumpType_Events_SupervisionAuxiliaryDevice_MeasuredMaterialElectronics_TrueState,9935,Variable
PumpType_Events_SupervisionAuxiliaryDevice_MechanicalDamage,9936,Variable
PumpType_Events_SupervisionAuxiliaryDevice_MechanicalDamage_FalseState,9937,Variable
PumpType_Events_SupervisionAuxiliaryDevice_MechanicalDamage_TrueState,9938,Variable
PumpType_Events_SupervisionAuxiliaryDevice_OperatingConditions,9939,Variable
IPumpVendorNameplateType_PhysicalAddress,9940,Variable
PumpType_Events_SupervisionAuxiliaryDevice_OperatingConditions_FalseState,9941,Variable
PumpType_Events_SupervisionAuxiliaryDevice_OperatingConditions_TrueState,9942,Variable
PumpType_Events_SupervisionAuxiliaryDevice_Other,9943,Variable
PumpType_Events_SupervisionAuxiliaryDevice_Other_FalseState,9944,Variable
PumpType_Events_SupervisionAuxiliaryDevice_Other_TrueState,9945,Variable
PumpType_Events_SupervisionAuxiliaryDevice_Overloading,9946,Variable
PumpType_Events_SupervisionAuxiliaryDevice_Overloading_FalseState,9947,Variable
PumpType_Events_SupervisionAuxiliaryDevice_Overloading_TrueState,9948,Variable
PumpType_Events_SupervisionAuxiliaryDevice_ParameterSetting,9949,Variable
PumpType_Events_SupervisionAuxiliaryDevice_ParameterSetting_FalseState,9950,Variable
PumpType_Events_SupervisionAuxiliaryDevice_ParameterSetting_TrueState,9951,Variable
PumpType_Events_SupervisionAuxiliaryDevice_Peripheral,9952,Variable
PumpType_Events_SupervisionAuxiliaryDevice_Peripheral_FalseState,9953,Variable
PumpType_Events_SupervisionAuxiliaryDevice_Peripheral_TrueState,9954,Variable
PumpType_Events_SupervisionAuxiliaryDevice_ProcessInfluence,9955,Variable
PumpType_Events_SupervisionAuxiliaryDevice_ProcessInfluence_FalseState,9956,Variable
PumpType_Events_SupervisionAuxiliaryDevice_ProcessInfluence_TrueState,9957,Variable
PumpType_Events_SupervisionAuxiliaryDevice_SensorElement,9958,Variable
PumpType_Events_SupervisionAuxiliaryDevice_SensorElement_FalseState,9959,Variable
PumpType_Events_SupervisionAuxiliaryDevice_SensorElement_TrueState,9960,Variable
PumpType_Events_SupervisionAuxiliaryDevice_StartUp,9961,Variable
PumpType_Events_SupervisionAuxiliaryDevice_StartUp_FalseState,9962,Variable
PumpType_Events_SupervisionAuxiliaryDevice_StartUp_TrueState,9963,Variable
PumpType_Events_SupervisionAuxiliaryDevice_TemperatureShock,9964,Variable
PumpType_Events_SupervisionAuxiliaryDevice_TemperatureShock_FalseState,9965,Variable
PumpType_Events_SupervisionAuxiliaryDevice_TemperatureShock_TrueState,9966,Variable
PumpType_Events_SupervisionAuxiliaryDevice_Vibration,9967,Variable
PumpType_Events_SupervisionAuxiliaryDevice_Vibration_FalseState,9968,Variable
PumpType_Events_SupervisionAuxiliaryDevice_Vibration_TrueState,9969,Variable
PumpType_Events_SupervisionAuxiliaryDevice_WearReserveOperation,9970,Variable
PumpType_Events_SupervisionAuxiliaryDevice_WearReserveOperation_FalseState,9971,Variable
PumpType_Events_SupervisionAuxiliaryDevice_WearReserveOperation_TrueState,9972,Variable
PumpType_Events_SupervisionAuxiliaryDevice_WearReserveWear,9973,Variable
PumpType_Events_SupervisionAuxiliaryDevice_WearReserveWear_FalseState,9974,Variable
PumpType_Events_SupervisionAuxiliaryDevice_WearReserveWear_TrueState,9975,Variable
PumpType_Events_SupervisionElectronics_ArmatureCircuit,9976,Variable
PumpType_Events_SupervisionElectronics_ArmatureCircuit_FalseState,9977,Variable
PumpType_Events_SupervisionElectronics_ArmatureCircuit_TrueState,9978,Variable
PumpType_Events_SupervisionElectronics_CurrentInsideDevice,9979,Variable
PumpType_Events_SupervisionElectronics_CurrentInsideDevice_FalseState,9980,Variable
PumpType_Events_SupervisionElectronics_CurrentInsideDevice_TrueState,9981,Variable
PumpType_Events_SupervisionElectronics_ElectricalFault,9982,Variable
PumpType_Events_SupervisionElectronics_ElectricalFault_FalseState,9983,Variable
PumpType_Events_SupervisionElectronics_ElectricalFault_TrueState,9984,Variable
PumpType_Events_SupervisionElectronics_FieldCircuit,9985,Variable
PumpType_Events_SupervisionElectronics_FieldCircuit_FalseState,9986,Variable
PumpType_Events_SupervisionElectronics_FieldCircuit_TrueState,9987,Variable
PumpType_Events_SupervisionElectronics_InstallationFault,9988,Variable
PumpType_Events_SupervisionElectronics_InstallationFault_FalseState,9989,Variable
PumpType_Events_SupervisionElectronics_InstallationFault_TrueState,9990,Variable
PumpType_Events_SupervisionElectronics_InsulationResistance,9991,Variable
PumpType_Events_SupervisionElectronics_InsulationResistance_FalseState,9992,Variable
PumpType_Events_SupervisionElectronics_InsulationResistance_TrueState,9993,Variable
PumpType_Events_SupervisionElectronics_PhaseFailure,9994,Variable
PumpType_Events_SupervisionElectronics_PhaseFailure_FalseState,9995,Variable
PumpType_Events_SupervisionElectronics_PhaseFailure_TrueState,9996,Variable
PumpType_Events_SupervisionElectronics_ShortCircuit,9997,Variable
PumpType_Events_SupervisionElectronics_ShortCircuit_FalseState,9998,Variable
PumpType_Events_SupervisionElectronics_ShortCircuit_TrueState,9999,Variable
PumpType_Events_SupervisionElectronics_ShortToEarth,10000,Variable
PumpType_Events_SupervisionElectronics_ShortToEarth_FalseState,10001,Variable
PumpType_Events_SupervisionElectronics_ShortToEarth_TrueState,10002,Variable
PumpType_Events_SupervisionElectronics_SupplyCurrent,10003,Variable
PumpType_Events_SupervisionElectronics_SupplyCurrent_FalseState,10004,Variable
PumpType_Events_SupervisionElectronics_SupplyCurrent_TrueState,10005,Variable
PumpType_Events_SupervisionElectronics_SupplyCurrentHigh,10006,Variable
PumpType_Events_SupervisionElectronics_SupplyCurrentHigh_FalseState,10007,Variable
PumpType_Events_SupervisionElectronics_SupplyCurrentHigh_TrueState,10008,Variable
PumpType_Events_SupervisionElectronics_SupplyCurrentLow,10009,Variable
PumpType_Events_SupervisionElectronics_SupplyCurrentLow_FalseState,10010,Variable
PumpType_Events_SupervisionElectronics_SupplyCurrentLow_TrueState,10011,Variable
PumpType_Events_SupervisionElectronics_SupplyFrequency,10012,Variable
PumpType_Events_SupervisionElectronics_SupplyFrequency_FalseState,10013,Variable
PumpType_Events_SupervisionElectronics_SupplyFrequency_TrueState,10014,Variable
PumpType_Events_SupervisionElectronics_SupplyFrequencyHigh,10015,Variable
PumpType_Events_SupervisionElectronics_SupplyFrequencyHigh_FalseState,10016,Variable
PumpType_Events_SupervisionElectronics_SupplyFrequencyHigh_TrueState,10017,Variable
PumpType_Events_SupervisionElectronics_SupplyFrequencyLow,10018,Variable
PumpType_Events_SupervisionElectronics_SupplyFrequencyLow_FalseState,10019,Variable
PumpType_Events_SupervisionElectronics_SupplyFrequencyLow_TrueState,10020,Variable
PumpType_Events_SupervisionElectronics_SupplyVoltage,10021,Variable
PumpType_Events_SupervisionElectronics_SupplyVoltage_FalseState,10022,Variable
PumpType_Events_SupervisionElectronics_SupplyVoltage_TrueState,10023,Variable
PumpType_Events_SupervisionElectronics_SupplyVoltageHigh,10024,Variable
PumpType_Events_SupervisionElectronics_SupplyVoltageHigh_FalseState,10025,Variable
PumpType_Events_SupervisionElectronics_SupplyVoltageHigh_TrueState,10026,Variable
PumpType_Events_SupervisionElectronics_SupplyVoltageLow,10027,Variable
PumpType_Events_SupervisionElectronics_SupplyVoltageLow_FalseState,10028,Variable
PumpType_Events_SupervisionElectronics_SupplyVoltageLow_TrueState,10029,Variable
PumpType_Events_SupervisionElectronics_VoltageInsideDevice,10030,Variable
PumpType_Events_SupervisionElectronics_VoltageInsideDevice_FalseState,10031,Variable
PumpType_Events_SupervisionElectronics_VoltageInsideDevice_TrueState,10032,Variable
PumpType_Events_SupervisionElectronics_WindingTemperature,10033,Variable
PumpType_Events_SupervisionElectronics_WindingTemperature_FalseState,10034,Variable
PumpType_Events_SupervisionElectronics_WindingTemperature_TrueState,10035,Variable
PumpType_Events_SupervisionHardware_Communication,10036,Variable
PumpType_Events_SupervisionHardware_Communication_FalseState,10037,Variable
PumpType_Events_SupervisionHardware_Communication_TrueState,10038,Variable
PumpType_Events_SupervisionHardware_ComputingCircuit,10039,Variable
PumpType_Events_SupervisionHardware_ComputingCircuit_FalseState,10040,Variable
PumpType_Events_SupervisionHardware_ComputingCircuit_TrueState,10041,Variable
PumpType_Events_SupervisionHardware_ControlCircuit,10042,Variable
PumpType_Events_SupervisionHardware_ControlCircuit_FalseState,10043,Variable
PumpType_Events_SupervisionHardware_ControlCircuit_TrueState,10044,Variable
PumpType_Events_SupervisionHardware_DCLinkSupply,10045,Variable
PumpType_Events_SupervisionHardware_DCLinkSupply_FalseState,10046,Variable
PumpType_Events_SupervisionHardware_DCLinkSupply_TrueState,10047,Variable
PumpType_Events_SupervisionHardware_Eprom,10048,Variable
PumpType_Events_SupervisionHardware_Eprom_FalseState,10049,Variable
PumpType_Events_SupervisionHardware_Eprom_TrueState,10050,Variable
PumpType_Events_SupervisionHardware_HardwareFault,10051,Variable
PumpType_Events_SupervisionHardware_HardwareFault_FalseState,10052,Variable
PumpType_Events_SupervisionHardware_HardwareFault_TrueState,10053,Variable
PumpType_Events_SupervisionHardware_IONA,10054,Variable
PumpType_Events_SupervisionHardware_IONA_FalseState,10055,Variable
PumpType_Events_SupervisionHardware_IONA_TrueState,10056,Variable
PumpType_Events_SupervisionHardware_MeasureCircuit,10057,Variable
PumpType_Events_SupervisionHardware_MeasureCircuit_FalseState,10058,Variable
PumpType_Events_SupervisionHardware_MeasureCircuit_TrueState,10059,Variable
PumpType_Events_SupervisionHardware_MicroProcessor,10060,Variable
PumpType_Events_SupervisionHardware_MicroProcessor_FalseState,10061,Variable
PumpType_Events_SupervisionHardware_MicroProcessor_TrueState,10062,Variable
PumpType_Events_SupervisionHardware_NetworkNA,10063,Variable
PumpType_Events_SupervisionHardware_NetworkNA_FalseState,10064,Variable
PumpType_Events_SupervisionHardware_NetworkNA_TrueState,10065,Variable
PumpType_Events_SupervisionHardware_PowerSupply,10066,Variable
PumpType_Events_SupervisionHardware_PowerSupply_FalseState,10067,Variable
PumpType_Events_SupervisionHardware_PowerSupply_TrueState,10068,Variable
PumpType_Events_SupervisionHardware_Ram,10069,Variable
PumpType_Events_SupervisionHardware_Ram_FalseState,10070,Variable
PumpType_Events_SupervisionHardware_Ram_TrueState,10071,Variable
PumpType_Events_SupervisionMechanics_AxialBearingAbrasion,10072,Variable
PumpType_Events_SupervisionMechanics_AxialBearingAbrasion_FalseState,10073,Variable
PumpType_Events_SupervisionMechanics_AxialBearingAbrasion_TrueState,10074,Variable
PumpType_Events_SupervisionMechanics_AxialBearingFault,10075,Variable
PumpType_Events_SupervisionMechanics_AxialBearingFault_FalseState,10076,Variable
PumpType_Events_SupervisionMechanics_AxialBearingFault_TrueState,10077,Variable
PumpType_Events_SupervisionMechanics_AxialBearingOverheat,10078,Variable
PumpType_Events_SupervisionMechanics_AxialBearingOverheat_FalseState,10079,Variable
PumpType_Events_SupervisionMechanics_AxialBearingOverheat_TrueState,10080,Variable
PumpType_Events_SupervisionMechanics_BearingFault,10081,Variable
PumpType_Events_SupervisionMechanics_BearingFault_FalseState,10082,Variable
PumpType_Events_SupervisionMechanics_BearingFault_TrueState,10083,Variable
PumpType_Events_SupervisionMechanics_BrakeChopper,10084,Variable
PumpType_Events_SupervisionMechanics_BrakeChopper_FalseState,10085,Variable
PumpType_Events_SupervisionMechanics_BrakeChopper_TrueState,10086,Variable
PumpType_Events_SupervisionMechanics_BrakeOverheat,10087,Variable
PumpType_Events_SupervisionMechanics_BrakeOverheat_FalseState,10088,Variable
PumpType_Events_SupervisionMechanics_BrakeOverheat_TrueState,10089,Variable
PumpType_Events_SupervisionMechanics_ExcessVibration,10090,Variable
PumpType_Events_SupervisionMechanics_ExcessVibration_FalseState,10091,Variable
PumpType_Events_SupervisionMechanics_ExcessVibration_TrueState,10092,Variable
PumpType_Events_SupervisionMechanics_GapWear,10093,Variable
PumpType_Events_SupervisionMechanics_GapWear_FalseState,10094,Variable
PumpType_Events_SupervisionMechanics_GapWear_TrueState,10095,Variable
PumpType_Events_SupervisionMechanics_MechanicalFault,10096,Variable
PumpType_Events_SupervisionMechanics_MechanicalFault_FalseState,10097,Variable
PumpType_Events_SupervisionMechanics_MechanicalFault_TrueState,10098,Variable
PumpType_Events_SupervisionMechanics_Misalignment,10099,Variable
PumpType_Events_SupervisionMechanics_Misalignment_FalseState,10100,Variable
PumpType_Events_SupervisionMechanics_Misalignment_TrueState,10101,Variable
PumpType_Events_SupervisionMechanics_RadialBearingAbrasion,10102,Variable
PumpType_Events_SupervisionMechanics_RadialBearingAbrasion_FalseState,10103,Variable
PumpType_Events_SupervisionMechanics_RadialBearingAbrasion_TrueState,10104,Variable
PumpType_Events_SupervisionMechanics_RadialBearingFault,10105,Variable
PumpType_Events_SupervisionMechanics_RadialBearingFault_FalseState,10106,Variable
PumpType_Events_SupervisionMechanics_RadialBearingFault_TrueState,10107,Variable
PumpType_Events_SupervisionMechanics_RadialBearingOverheat,10108,Variable
PumpType_Events_SupervisionMechanics_RadialBearingOverheat_FalseState,10109,Variable
PumpType_Events_SupervisionMechanics_RadialBearingOverheat_TrueState,10110,Variable
PumpType_Events_SupervisionMechanics_RotorBlocked,10111,Variable
PumpType_Events_SupervisionMechanics_RotorBlocked_FalseState,10112,Variable
PumpType_Events_SupervisionMechanics_RotorBlocked_TrueState,10113,Variable
PumpType_Events_SupervisionMechanics_RotorStationRubbing,10114,Variable
PumpType_Events_SupervisionMechanics_RotorStationRubbing_FalseState,10115,Variable
PumpType_Events_SupervisionMechanics_RotorStationRubbing_TrueState,10116,Variable
PumpType_Events_SupervisionMechanics_Unbalance,10117,Variable
PumpType_Events_SupervisionMechanics_Unbalance_FalseState,10118,Variable
PumpType_Events_SupervisionMechanics_Unbalance_TrueState,10119,Variable
PumpType_Events_SupervisionProcessFluid_Blockage,10120,Variable
PumpType_Events_SupervisionProcessFluid_Blockage_FalseState,10121,Variable
PumpType_Events_SupervisionProcessFluid_Blockage_TrueState,10122,Variable
PumpType_Events_SupervisionProcessFluid_Cavitation,10123,Variable
PumpType_Events_SupervisionProcessFluid_Cavitation_FalseState,10124,Variable
PumpType_Events_SupervisionProcessFluid_Cavitation_TrueState,10125,Variable
PumpType_Events_SupervisionProcessFluid_Condensation,10126,Variable
PumpType_Events_SupervisionProcessFluid_Condensation_FalseState,10127,Variable
PumpType_Events_SupervisionProcessFluid_Condensation_TrueState,10128,Variable
PumpType_Events_SupervisionProcessFluid_Dry,10129,Variable
PumpType_Events_SupervisionProcessFluid_Dry_FalseState,10130,Variable
PumpType_Events_SupervisionProcessFluid_Dry_TrueState,10131,Variable
PumpType_Events_SupervisionProcessFluid_Flow,10132,Variable
PumpType_Events_SupervisionProcessFluid_Flow_FalseState,10133,Variable
PumpType_Events_SupervisionProcessFluid_Flow_TrueState,10134,Variable
PumpType_Events_SupervisionProcessFluid_Gas,10135,Variable
PumpType_Events_SupervisionProcessFluid_Gas_FalseState,10136,Variable
PumpType_Events_SupervisionProcessFluid_Gas_TrueState,10137,Variable
PumpType_Events_SupervisionProcessFluid_Liquid,10138,Variable
PumpType_Events_SupervisionProcessFluid_Liquid_FalseState,10139,Variable
PumpType_Events_SupervisionProcessFluid_Liquid_TrueState,10140,Variable
PumpType_Events_SupervisionProcessFluid_Pressure,10141,Variable
PumpType_Events_SupervisionProcessFluid_Pressure_FalseState,10142,Variable
PumpType_Events_SupervisionProcessFluid_Pressure_TrueState,10143,Variable
PumpType_Events_SupervisionProcessFluid_ProcessFault,10144,Variable
PumpType_Events_SupervisionProcessFluid_ProcessFault_FalseState,10145,Variable
PumpType_Events_SupervisionProcessFluid_ProcessFault_TrueState,10146,Variable
PumpType_Events_SupervisionProcessFluid_Solid,10147,Variable
PumpType_Events_SupervisionProcessFluid_Solid_FalseState,10148,Variable
PumpType_Events_SupervisionProcessFluid_Solid_TrueState,10149,Variable
PumpType_Events_SupervisionProcessFluid_Stall,10150,Variable
PumpType_Events_SupervisionProcessFluid_Stall_FalseState,10151,Variable
PumpType_Events_SupervisionProcessFluid_Stall_TrueState,10152,Variable
PumpType_Events_SupervisionProcessFluid_Temperature,10153,Variable
PumpType_Events_SupervisionProcessFluid_Temperature_FalseState,10154,Variable
PumpType_Events_SupervisionProcessFluid_Temperature_TrueState,10155,Variable
PumpType_Events_SupervisionProcessFluid_Viscosity,10156,Variable
PumpType_Events_SupervisionProcessFluid_Viscosity_FalseState,10157,Variable
PumpType_Events_SupervisionProcessFluid_Viscosity_TrueState,10158,Variable
PumpType_Events_SupervisionPumpOperation_AccessoryLiquidFlow,10159,Variable
PumpType_Events_SupervisionPumpOperation_AccessoryLiquidFlow_FalseState,10160,Variable
PumpType_Events_SupervisionPumpOperation_AccessoryLiquidFlow_TrueState,10161,Variable
PumpType_Events_SupervisionPumpOperation_AccessoryLiquidHigh,10162,Variable
PumpType_Events_SupervisionPumpOperation_AccessoryLiquidHigh_FalseState,10163,Variable
PumpType_Events_SupervisionPumpOperation_AccessoryLiquidHigh_TrueState,10164,Variable
PumpType_Events_SupervisionPumpOperation_AccessoryLiquidLow,10165,Variable
PumpType_Events_SupervisionPumpOperation_AccessoryLiquidLow_FalseState,10166,Variable
PumpType_Events_SupervisionPumpOperation_AccessoryLiquidLow_TrueState,10167,Variable
PumpType_Events_SupervisionPumpOperation_AccessoryLiquidOverheat,10168,Variable
PumpType_Events_SupervisionPumpOperation_AccessoryLiquidOverheat_FalseState,10169,Variable
PumpType_Configuration_Design_BalancingRateOfFlow,10170,Variable
PumpType_Configuration_Design_BasePressure,10171,Variable
PumpType_Configuration_Design_ClearanceVolume,10172,Variable
PumpType_Configuration_Design_ClockwiseRotation,10173,Variable
PumpType_Configuration_Design_ClockwiseRotation_FalseState,10174,Variable
PumpType_Configuration_Design_ClockwiseRotation_TrueState,10175,Variable
PumpType_Configuration_Design_Controllable,10176,Variable
PumpType_Configuration_Design_Controllable_FalseState,10177,Variable
PumpType_Configuration_Design_Controllable_TrueState,10178,Variable
PumpType_Configuration_Design_Cool_DownTimeForAVaporJetPumpOrADiffusionPump,10179,Variable
PumpType_Configuration_Design_Counter_ClockwiseRotation,10180,Variable
PumpType_Configuration_Design_Counter_ClockwiseRotation_FalseState,10181,Variable
PumpType_Configuration_Design_Counter_ClockwiseRotation_TrueState,10182,Variable
PumpType_Configuration_Design_CriticalSpeed,10183,Variable
PumpType_Configuration_Design_DeclarationOfConformity,10184,Variable
PumpType_Configuration_Design_DeclarationOfConformityAvailable,10185,Variable
PumpType_Configuration_Design_DeclarationOfConformityAvailable_FalseState,10186,Variable
PumpType_Configuration_Design_DeclarationOfConformityAvailable_TrueState,10187,Variable
PumpType_Configuration_Design_DesignAxialLoad,10188,Variable
PumpType_Configuration_Design_DesignRadialLoad,10189,Variable
PumpType_Configuration_Design_DirectivesOfEUDeclarationOfConformity,10190,Variable
PumpType_Configuration_Design_DryCriticalSpeed,10191,Variable
PumpType_Configuration_Design_ExplosionProtection,10192,Variable
PumpType_Configuration_Design_GeometricDisplacementVolume,10193,Variable
PumpType_Configuration_Design_GeometricalFlow,10194,Variable
PumpType_Configuration_Design_HeadAtPeakPoint,10195,Variable
PumpType_Configuration_Design_InstallationNpshCurve_Close,10196,Method
PumpType_Configuration_Design_InstallationNpshCurve_Close_InputArguments,10197,Variable
PumpType_Configuration_Design_InstallationNpshCurve_GetPosition,10198,Method
PumpType_Configuration_Design_InstallationNpshCurve_GetPosition_InputArguments,10199,Variable
PumpType_Configuration_Design_InstallationNpshCurve_GetPosition_OutputArguments,10200,Variable
PumpType_Configuration_Design_InstallationNpshCurve_Open,10201,Method
PumpType_Configuration_Design_InstallationNpshCurve_Open_InputArguments,10202,Variable
PumpType_Configuration_Design_InstallationNpshCurve_Open_OutputArguments,10203,Variable
PumpType_Configuration_Design_InstallationNpshCurve_OpenCount,10204,Variable
PumpType_Configuration_Design_InstallationNpshCurve_Read,10205,Method
PumpType_Configuration_Design_InstallationNpshCurve_Read_InputArguments,10206,Variable
PumpType_Configuration_Design_InstallationNpshCurve_Read_OutputArguments,10207,Variable
PumpType_Configuration_Design_InstallationNpshCurve_SetPosition,10208,Method
PumpType_Configuration_Design_InstallationNpshCurve_SetPosition_InputArguments,10209,Variable
PumpType_Configuration_Design_InstallationNpshCurve_Size,10210,Variable
PumpType_Configuration_Design_InstallationNpshCurve_UserWritable,10211,Variable
PumpType_Configuration_Design_InstallationNpshCurve_Writable,10212,Variable
PumpType_Configuration_Design_InstallationNpshCurve_Write,10213,Method
PumpType_Configuration_Design_InstallationNpshCurve_Write_InputArguments,10214,Variable
PumpType_Configuration_Design_LeakageRateOfFlow,10215,Variable
PumpType_Configuration_Design_MaximumAllowableAmbientTemperature,10216,Variable
PumpType_Configuration_Design_MaximumAllowableCasingWorkingPressure,10217,Variable
PumpType_Configuration_Design_MaximumAllowableContinuousSpeed,10218,Variable
PumpType_Configuration_Design_MaximumAllowableHead,10219,Variable
PumpType_Configuration_Design_MaximumAllowableRelativeHumidity,10220,Variable
PumpType_Configuration_Design_MaximumAllowableTemperature,10221,Variable
PumpType_Configuration_Design_MaximumAllowableThroughput,10222,Variable
PumpType_Configuration_Design_MaximumAllowableWorkingPressure,10223,Variable
PumpType_Configuration_Design_MaximumAxialLoad,10224,Variable
PumpType_Configuration_Design_MaximumPumpPowerInput,10225,Variable
PumpType_Configuration_Design_MaximumRadialLoad,10226,Variable
PumpType_Configuration_Design_MaximumStaticSealingPressure,10227,Variable
PumpType_Configuration_Design_MeanTimebetweenFailures,10228,Variable
PumpType_Configuration_Design_MinimumAllowableAmbientTemperature,10229,Variable
PumpType_Configuration_Design_MinimumAllowableContinuousSpeed,10230,Variable
PumpType_Configuration_Design_MinimumAllowableHead,10231,Variable
PumpType_Configuration_Design_MinimumAllowableRelativeHumidity,10232,Variable
PumpType_Configuration_Design_MinimumAllowableTemperature,10233,Variable
PumpType_Configuration_Design_MinimumAllowableThermalFlow,10234,Variable
PumpType_Configuration_Design_MinimumContinuousStableFlow,10235,Variable
PumpType_Configuration_Design_MinimumContinuousThermalFlow,10236,Variable
PumpType_Configuration_Design_NetPositiveSuctionHeadRequired,10237,Variable
PumpType_Configuration_Design_NetPositiveSuctionHeadRequiredForADropOf3Percent,10238,Variable
PumpType_Configuration_Design_OfferedControlModes,10239,Variable
PumpType_Configuration_Design_OfferedFieldbuses,10240,Variable
PumpType_Configuration_Design_AdditionalFieldbuses,10241,Variable
PumpType_Configuration_Design_OptimumHead,10242,Variable
PumpType_Configuration_Design_OptimumPumpPowerInput,10243,Variable
PumpType_Configuration_Design_OptimumRateOfFlow,10244,Variable
PumpType_Configuration_Design_PistonVelocity,10245,Variable
PumpType_Configuration_Design_PossibleFluids,10246,Variable
PumpType_Configuration_Design_Pre_ChargePressure,10247,Variable
PumpType_Configuration_Design_PumpCurve_Close,10248,Method
PumpType_Configuration_Design_PumpCurve_Close_InputArguments,10249,Variable
PumpType_Configuration_Design_PumpCurve_GetPosition,10250,Method
PumpType_Configuration_Design_PumpCurve_GetPosition_InputArguments,10251,Variable
PumpType_Configuration_Design_PumpCurve_GetPosition_OutputArguments,10252,Variable
PumpType_Configuration_Design_PumpCurve_Open,10253,Method
PumpType_Configuration_Design_PumpCurve_Open_InputArguments,10254,Variable
PumpType_Configuration_Design_PumpCurve_Open_OutputArguments,10255,Variable
PumpType_Configuration_Design_PumpCurve_OpenCount,10256,Variable
PumpType_Configuration_Design_PumpCurve_Read,10257,Method
PumpType_Configuration_Design_PumpCurve_Read_InputArguments,10258,Variable
PumpType_Configuration_Design_PumpCurve_Read_OutputArguments,10259,Variable
PumpType_Configuration_Design_PumpCurve_SetPosition,10260,Method
PumpType_Configuration_Design_PumpCurve_SetPosition_InputArguments,10261,Variable
PumpType_Configuration_Design_PumpCurve_Size,10262,Variable
PumpType_Configuration_Design_PumpCurve_UserWritable,10263,Variable
PumpType_Configuration_Design_PumpCurve_Writable,10264,Variable
PumpType_Configuration_Design_PumpCurve_Write,10265,Method
PumpType_Configuration_Design_PumpCurve_Write_InputArguments,10266,Variable
PumpType_Configuration_Design_PumpEfficiencyCurve_Close,10267,Method
PumpType_Configuration_Design_PumpEfficiencyCurve_Close_InputArguments,10268,Variable
PumpType_Configuration_Design_PumpEfficiencyCurve_GetPosition,10269,Method
PumpType_Configuration_Design_PumpEfficiencyCurve_GetPosition_InputArguments,10270,Variable
PumpType_Configuration_Design_PumpEfficiencyCurve_GetPosition_OutputArguments,10271,Variable
PumpType_Configuration_Design_PumpEfficiencyCurve_Open,10272,Method
PumpType_Configuration_Design_PumpEfficiencyCurve_Open_InputArguments,10273,Variable
PumpType_Configuration_Design_PumpEfficiencyCurve_Open_OutputArguments,10274,Variable
PumpType_Configuration_Design_PumpEfficiencyCurve_OpenCount,10275,Variable
PumpType_Configuration_Design_PumpEfficiencyCurve_Read,10276,Method
PumpType_Configuration_Design_PumpEfficiencyCurve_Read_InputArguments,10277,Variable
PumpType_Configuration_Design_PumpEfficiencyCurve_Read_OutputArguments,10278,Variable
PumpType_Configuration_Design_PumpEfficiencyCurve_SetPosition,10279,Method
PumpType_Configuration_Design_PumpEfficiencyCurve_SetPosition_InputArguments,10280,Variable
PumpType_Configuration_Design_PumpEfficiencyCurve_Size,10281,Variable
PumpType_Configuration_Design_PumpEfficiencyCurve_UserWritable,10282,Variable
PumpType_Configuration_Design_PumpEfficiencyCurve_Writable,10283,Variable
PumpType_Configuration_Design_PumpEfficiencyCurve_Write,10284,Method
PumpType_Configuration_Design_PumpEfficiencyCurve_Write_InputArguments,10285,Variable
PumpType_Configuration_Design_PumpH_Q_Curve_Close,10286,Method
PumpType_Configuration_Design_PumpH_Q_Curve_Close_InputArguments,10287,Variable
PumpType_Configuration_Design_PumpH_Q_Curve_GetPosition,10288,Method
PumpType_Configuration_Design_PumpH_Q_Curve_GetPosition_InputArguments,10289,Variable
PumpType_Configuration_Design_PumpH_Q_Curve_GetPosition_OutputArguments,10290,Variable
PumpType_Configuration_Design_PumpH_Q_Curve_Open,10291,Method
PumpType_Configuration_Design_PumpH_Q_Curve_Open_InputArguments,10292,Variable
PumpType_Configuration_Design_PumpH_Q_Curve_Open_OutputArguments,10293,Variable
PumpType_Configuration_Design_PumpH_Q_Curve_OpenCount,10294,Variable
PumpType_Configuration_Design_PumpH_Q_Curve_Read,10295,Method
PumpType_Configuration_Design_PumpH_Q_Curve_Read_InputArguments,10296,Variable
PumpType_Configuration_Design_PumpH_Q_Curve_Read_OutputArguments,10297,Variable
PumpType_Configuration_Design_PumpH_Q_Curve_SetPosition,10298,Method
PumpType_Configuration_Design_PumpH_Q_Curve_SetPosition_InputArguments,10299,Variable
PumpType_Configuration_Design_PumpH_Q_Curve_Size,10300,Variable
PumpType_Configuration_Design_PumpH_Q_Curve_UserWritable,10301,Variable
PumpType_Configuration_Design_PumpH_Q_Curve_Writable,10302,Variable
PumpType_Configuration_Design_PumpH_Q_Curve_Write,10303,Method
PumpType_Configuration_Design_PumpH_Q_Curve_Write_InputArguments,10304,Variable
PumpType_Configuration_Design_PumpNpshCurve_Close,10305,Method
PumpType_Configuration_Design_PumpNpshCurve_Close_InputArguments,10306,Variable
PumpType_Configuration_Design_PumpNpshCurve_GetPosition,10307,Method
PumpType_Configuration_Design_PumpNpshCurve_GetPosition_InputArguments,10308,Variable
PumpType_Configuration_Design_PumpNpshCurve_GetPosition_OutputArguments,10309,Variable
PumpType_Configuration_Design_PumpNpshCurve_Open,10310,Method
PumpType_Configuration_Design_PumpNpshCurve_Open_InputArguments,10311,Variable
PumpType_Configuration_Design_PumpNpshCurve_Open_OutputArguments,10312,Variable
PumpType_Configuration_Design_PumpNpshCurve_OpenCount,10313,Variable
PumpType_Configuration_Design_PumpNpshCurve_Read,10314,Method
PumpType_Configuration_Design_PumpNpshCurve_Read_InputArguments,10315,Variable
PumpType_Configuration_Design_PumpNpshCurve_Read_OutputArguments,10316,Variable
PumpType_Configuration_Design_PumpNpshCurve_SetPosition,10317,Method
PumpType_Configuration_Design_PumpNpshCurve_SetPosition_InputArguments,10318,Variable
PumpType_Configuration_Design_PumpNpshCurve_Size,10319,Variable
PumpType_Configuration_Design_PumpNpshCurve_UserWritable,10320,Variable
PumpType_Configuration_Design_PumpNpshCurve_Writable,10321,Variable
PumpType_Configuration_Design_PumpNpshCurve_Write,10322,Method
PumpType_Configuration_Design_PumpNpshCurve_Write_InputArguments,10323,Variable
PumpType_Configuration_Design_PumpPowerInputCurve_Close,10324,Method
PumpType_Configuration_Design_PumpPowerInputCurve_Close_InputArguments,10325,Variable
PumpType_Configuration_Design_PumpPowerInputCurve_GetPosition,10326,Method
PumpType_Configuration_Design_PumpPowerInputCurve_GetPosition_InputArguments,10327,Variable
PumpType_Configuration_Design_PumpPowerInputCurve_GetPosition_OutputArguments,10328,Variable
PumpType_Configuration_Design_PumpPowerInputCurve_Open,10329,Method
PumpType_Configuration_Design_PumpPowerInputCurve_Open_InputArguments,10330,Variable
PumpType_Configuration_Design_PumpPowerInputCurve_Open_OutputArguments,10331,Variable
PumpType_Configuration_Design_PumpPowerInputCurve_OpenCount,10332,Variable
PumpType_Configuration_Design_PumpPowerInputCurve_Read,10333,Method
PumpType_Configuration_Design_PumpPowerInputCurve_Read_InputArguments,10334,Variable
PumpType_Configuration_Design_PumpPowerInputCurve_Read_OutputArguments,10335,Variable
PumpType_Configuration_Design_PumpPowerInputCurve_SetPosition,10336,Method
PumpType_Configuration_Design_PumpPowerInputCurve_SetPosition_InputArguments,10337,Variable
PumpType_Configuration_Design_PumpPowerInputCurve_Size,10338,Variable
PumpType_Configuration_Design_PumpPowerInputCurve_UserWritable,10339,Variable
PumpType_Configuration_Design_PumpPowerInputCurve_Writable,10340,Variable
PumpType_Configuration_Design_PumpPowerInputCurve_Write,10341,Method
PumpType_Configuration_Design_PumpPowerInputCurve_Write_InputArguments,10342,Variable
PumpType_Configuration_Design_PumpClass,10343,Variable
PumpType_Configuration_Design_Shut_OffHead,10344,Variable
PumpType_Configuration_Design_Shut_OffPumpPowerInput,10345,Variable
PumpType_Configuration_Design_SlipFlow,10346,Variable
PumpType_Configuration_Design_SoundEnergy,10347,Variable
PumpType_Configuration_Design_SoundEnergyLevel,10348,Variable
PumpType_Configuration_Design_SoundPower,10349,Variable
PumpType_Configuration_Design_SoundPowerLevel,10350,Variable
PumpType_Configuration_Design_SoundPressure,10351,Variable
PumpType_Configuration_Design_SoundPressureLevel,10352,Variable
PumpType_Configuration_Design_SpecificSpeed,10353,Variable
PumpType_Configuration_Design_StablePumpH_Q_Curve_Close,10354,Method
PumpType_Configuration_Design_StablePumpH_Q_Curve_Close_InputArguments,10355,Variable
PumpType_Configuration_Design_StablePumpH_Q_Curve_GetPosition,10356,Method
PumpType_Configuration_Design_StablePumpH_Q_Curve_GetPosition_InputArguments,10357,Variable
PumpType_Configuration_Design_StablePumpH_Q_Curve_GetPosition_OutputArguments,10358,Variable
PumpType_Configuration_Design_StablePumpH_Q_Curve_Open,10359,Method
PumpType_Configuration_Design_StablePumpH_Q_Curve_Open_InputArguments,10360,Variable
PumpType_Configuration_Design_StablePumpH_Q_Curve_Open_OutputArguments,10361,Variable
PumpType_Configuration_Design_StablePumpH_Q_Curve_OpenCount,10362,Variable
PumpType_Configuration_Design_StablePumpH_Q_Curve_Read,10363,Method
PumpType_Configuration_Design_StablePumpH_Q_Curve_Read_InputArguments,10364,Variable
PumpType_Configuration_Design_StablePumpH_Q_Curve_Read_OutputArguments,10365,Variable
PumpType_Configuration_Design_StablePumpH_Q_Curve_SetPosition,10366,Method
PumpType_Configuration_Design_StablePumpH_Q_Curve_SetPosition_InputArguments,10367,Variable
PumpType_Configuration_Design_StablePumpH_Q_Curve_Size,10368,Variable
PumpType_Configuration_Design_StablePumpH_Q_Curve_UserWritable,10369,Variable
PumpType_Configuration_Design_StablePumpH_Q_Curve_Writable,10370,Variable
PumpType_Configuration_Design_StablePumpH_Q_Curve_Write,10371,Method
PumpType_Configuration_Design_StablePumpH_Q_Curve_Write_InputArguments,10372,Variable
PumpType_Configuration_Design_StandardGasFlowrate,10373,Variable
PumpType_Configuration_Design_StartingPressure,10374,Variable
PumpType_Configuration_Design_Suction_SpecificSpeed,10375,Variable
PumpType_Configuration_Design_SweptVolume,10376,Variable
PumpType_Configuration_Design_TripSpeed,10377,Variable
PumpType_Configuration_Design_TypeNumber,10378,Variable
PumpType_Configuration_Design_VolumeFlowRate,10379,Variable
PumpType_Configuration_Design_VolumeFlowRateOfBackingPump,10380,Variable
PumpType_Configuration_Design_WarmUpTimeForAVaporJetPumpOrADiffusionPump,10381,Variable
PumpType_Configuration_Design_WaterVaporTolerableLoad,10382,Variable
PumpType_Configuration_Design_WetCriticalSpeed,10383,Variable
PumpType_Configuration_Implementation_AtmosphericPressure,10384,Variable
PumpType_Configuration_Implementation_Density,10385,Variable
PumpType_Configuration_Implementation_DynamicViscosity,10386,Variable
PumpType_Configuration_Implementation_HeightOfTheInletManometer,10387,Variable
PumpType_Configuration_Implementation_HeightOfTheNpshDatumPlane,10388,Variable
PumpType_Configuration_Implementation_HeightOfTheOutletManometer,10389,Variable
PumpType_Configuration_Implementation_HydraulicEfficiency,10390,Variable
PumpType_Configuration_Implementation_InstallationTotalHead,10391,Variable
PumpType_Configuration_Implementation_KinematicViscosity,10392,Variable
PumpType_Configuration_Implementation_MaximumAllowableFlow,10393,Variable
PumpType_Configuration_Implementation_MaximumDynamicSealingPressure,10394,Variable
PumpType_Configuration_Implementation_RatedMeanVelocityAtInletAreaOfTheInstallation,10395,Variable
PumpType_Configuration_Implementation_RatedMeanVelocityAtOutletAreaOfTheInstallation,10396,Variable
PumpType_Configuration_Implementation_MechanicalEfficiency,10397,Variable
PumpType_Configuration_Implementation_MinimumAllowableFlow,10398,Variable
PumpType_Configuration_Implementation_MinimumAllowableStableFlow,10399,Variable
PumpType_Configuration_Implementation_NetPositiveSuctionHeadAvailable,10400,Variable
PumpType_Configuration_Implementation_OverallEfficiency,10401,Variable
PumpType_Configuration_Implementation_PumpBestEfficiency,10402,Variable
PumpType_Configuration_Implementation_PumpEfficiency,10403,Variable
PumpType_Configuration_Implementation_PumpMechanicalPowerLosses,10404,Variable
PumpType_Configuration_Implementation_PumpRatedPowerInput,10405,Variable
PumpType_Configuration_Implementation_PumpTotalHead,10406,Variable
PumpType_Configuration_Implementation_RatedDifferentialPressure,10407,Variable
PumpType_Configuration_Implementation_RatedFlow,10408,Variable
PumpType_Configuration_Implementation_RatedSpeed,10409,Variable
PumpType_Configuration_Implementation_TotalHeadAtInletAreaOfTheInstallation,10410,Variable
PumpType_Configuration_Implementation_TotalHeadAtOutletAreaOfTheInstallation,10411,Variable
PumpType_Configuration_Implementation_UsefulLife,10412,Variable
PumpType_Configuration_Implementation_ValveSeatVelocity,10413,Variable
PumpType_Configuration_Implementation_ValveSpillVelocity,10414,Variable
PumpType_Configuration_Implementation_VaporPressureOfThePumpedLiquid,10415,Variable
PumpType_Configuration_Implementation_VolumetricEfficiency,10416,Variable
PumpType_Configuration_SystemRequirements_CompressionRatio,10417,Variable
PumpType_Configuration_SystemRequirements_ExplosionZone,10418,Variable
PumpType_Configuration_SystemRequirements_Fieldbus,10419,Variable
PumpType_Configuration_SystemRequirements_Fluid,10420,Variable
PumpType_Configuration_SystemRequirements_GasContent,10421,Variable
PumpType_Configuration_SystemRequirements_HeightOfTheInletSideOfTheInstallation,10422,Variable
PumpType_Configuration_SystemRequirements_HeightOfTheOutletSideOfTheInstallation,10423,Variable
PumpType_Configuration_SystemRequirements_HeightOfThePump,10424,Variable
PumpType_Configuration_SystemRequirements_MaximumAmbientTemperature,10425,Variable
PumpType_Configuration_SystemRequirements_MaximumFlow,10426,Variable
PumpType_Configuration_SystemRequirements_MaximumHead,10427,Variable
PumpType_Configuration_SystemRequirements_MaximumInletPressure,10428,Variable
PumpType_Configuration_SystemRequirements_MaximumOutletPressure,10429,Variable
PumpType_Configuration_SystemRequirements_MaximumRelativeHumidity,10430,Variable
PumpType_Configuration_SystemRequirements_MaximumTemperature,10431,Variable
PumpType_Configuration_SystemRequirements_MeanTimeBetweenFailures,10432,Variable
PumpType_Configuration_SystemRequirements_MinimumAmbientTemperature,10433,Variable
PumpType_Configuration_SystemRequirements_MinimumFlow,10434,Variable
PumpType_Configuration_SystemRequirements_MinimumHead,10435,Variable
PumpType_Configuration_SystemRequirements_MinimumInletPressure,10436,Variable
PumpType_Configuration_SystemRequirements_MinimumOutletPressure,10437,Variable
PumpType_Configuration_SystemRequirements_MinimumRelativeHumidity,10438,Variable
PumpType_Configuration_SystemRequirements_MinimumTemperature,10439,Variable
PumpType_Configuration_SystemRequirements_Multi_Phase,10440,Variable
PumpType_Configuration_SystemRequirements_Multi_Phase_FalseState,10441,Variable
PumpType_Configuration_SystemRequirements_Multi_Phase_TrueState,10442,Variable
PumpType_Configuration_SystemRequirements_NetPositiveInletPressureAvailable,10443,Variable
PumpType_Configuration_SystemRequirements_NormalFlow,10444,Variable
PumpType_Configuration_SystemRequirements_NpshDatumPlane,10445,Variable
PumpType_Configuration_SystemRequirements_OperatingMode,10446,Variable
PumpType_Configuration_SystemRequirements_RatedInletPressureOfTheInstallation,10447,Variable
PumpType_Configuration_SystemRequirements_RatedPumpUnitTotalHead,10448,Variable
PumpType_Configuration_SystemRequirements_ReferencePlane,10449,Variable
PumpType_Configuration_SystemRequirements_RequiredControlMode,10450,Variable
PumpType_Configuration_SystemRequirements_RequiredTime,10451,Variable
PumpType_Configuration_SystemRequirements_SolidContent,10452,Variable
PumpType_Configuration_SystemRequirements_Throughput,10453,Variable
PumpType_Configuration_SystemRequirements_UltimatePressureOfAVacuumPump,10454,Variable
PumpType_Configuration_SystemRequirements_WorkingTemperature,10455,Variable
PumpType_Documentation_Arrangements_Close,10456,Method
PumpType_Documentation_Arrangements_Close_InputArguments,10457,Variable
PumpType_Documentation_Arrangements_GetPosition,10458,Method
PumpType_Documentation_Arrangements_GetPosition_InputArguments,10459,Variable
PumpType_Documentation_Arrangements_GetPosition_OutputArguments,10460,Variable
PumpType_Documentation_Arrangements_Open,10461,Method
PumpType_Documentation_Arrangements_Open_InputArguments,10462,Variable
PumpType_Documentation_Arrangements_Open_OutputArguments,10463,Variable
PumpType_Documentation_Arrangements_OpenCount,10464,Variable
PumpType_Documentation_Arrangements_Read,10465,Method
PumpType_Documentation_Arrangements_Read_InputArguments,10466,Variable
PumpType_Documentation_Arrangements_Read_OutputArguments,10467,Variable
PumpType_Documentation_Arrangements_SetPosition,10468,Method
PumpType_Documentation_Arrangements_SetPosition_InputArguments,10469,Variable
PumpType_Documentation_Arrangements_Size,10470,Variable
PumpType_Documentation_Arrangements_UserWritable,10471,Variable
PumpType_Documentation_Arrangements_Writable,10472,Variable
PumpType_Documentation_Arrangements_Write,10473,Method
PumpType_Documentation_Arrangements_Write_InputArguments,10474,Variable
PumpType_Documentation_ArrangementsLink,10475,Variable
PumpType_Documentation_Certificates_Close,10476,Method
PumpType_Documentation_Certificates_Close_InputArguments,10477,Variable
PumpType_Documentation_Certificates_GetPosition,10478,Method
PumpType_Documentation_Certificates_GetPosition_InputArguments,10479,Variable
PumpType_Documentation_Certificates_GetPosition_OutputArguments,10480,Variable
PumpType_Documentation_Certificates_Open,10481,Method
PumpType_Documentation_Certificates_Open_InputArguments,10482,Variable
PumpType_Documentation_Certificates_Open_OutputArguments,10483,Variable
PumpType_Documentation_Certificates_OpenCount,10484,Variable
PumpType_Documentation_Certificates_Read,10485,Method
PumpType_Documentation_Certificates_Read_InputArguments,10486,Variable
PumpType_Documentation_Certificates_Read_OutputArguments,10487,Variable
PumpType_Documentation_Certificates_SetPosition,10488,Method
PumpType_Documentation_Certificates_SetPosition_InputArguments,10489,Variable
PumpType_Documentation_Certificates_Size,10490,Variable
PumpType_Documentation_Certificates_UserWritable,10491,Variable
PumpType_Documentation_Certificates_Writable,10492,Variable
PumpType_Documentation_Certificates_Write,10493,Method
PumpType_Documentation_Certificates_Write_InputArguments,10494,Variable
PumpType_Documentation_CertificatesLink,10495,Variable
PumpType_Documentation_CircuitDiagram_Close,10496,Method
PumpType_Documentation_CircuitDiagram_Close_InputArguments,10497,Variable
PumpType_Documentation_CircuitDiagram_GetPosition,10498,Method
PumpType_Documentation_CircuitDiagram_GetPosition_InputArguments,10499,Variable
PumpType_Documentation_CircuitDiagram_GetPosition_OutputArguments,10500,Variable
PumpType_Documentation_CircuitDiagram_Open,10501,Method
PumpType_Documentation_CircuitDiagram_Open_InputArguments,10502,Variable
PumpType_Documentation_CircuitDiagram_Open_OutputArguments,10503,Variable
PumpType_Documentation_CircuitDiagram_OpenCount,10504,Variable
PumpType_Documentation_CircuitDiagram_Read,10505,Method
PumpType_Documentation_CircuitDiagram_Read_InputArguments,10506,Variable
PumpType_Documentation_CircuitDiagram_Read_OutputArguments,10507,Variable
PumpType_Documentation_CircuitDiagram_SetPosition,10508,Method
PumpType_Documentation_CircuitDiagram_SetPosition_InputArguments,10509,Variable
PumpType_Documentation_CircuitDiagram_Size,10510,Variable
PumpType_Documentation_CircuitDiagram_UserWritable,10511,Variable
PumpType_Documentation_CircuitDiagram_Writable,10512,Variable
PumpType_Documentation_CircuitDiagram_Write,10513,Method
PumpType_Documentation_CircuitDiagram_Write_InputArguments,10514,Variable
PumpType_Documentation_CircuitDiagramLink,10515,Variable
PumpType_Documentation_ComponentsList_Close,10516,Method
PumpType_Documentation_ComponentsList_Close_InputArguments,10517,Variable
PumpType_Documentation_ComponentsList_GetPosition,10518,Method
PumpType_Documentation_ComponentsList_GetPosition_InputArguments,10519,Variable
PumpType_Documentation_ComponentsList_GetPosition_OutputArguments,10520,Variable
PumpType_Documentation_ComponentsList_Open,10521,Method
PumpType_Documentation_ComponentsList_Open_InputArguments,10522,Variable
PumpType_Documentation_ComponentsList_Open_OutputArguments,10523,Variable
PumpType_Documentation_ComponentsList_OpenCount,10524,Variable
PumpType_Documentation_ComponentsList_Read,10525,Method
PumpType_Documentation_ComponentsList_Read_InputArguments,10526,Variable
PumpType_Documentation_ComponentsList_Read_OutputArguments,10527,Variable
PumpType_Documentation_ComponentsList_SetPosition,10528,Method
PumpType_Documentation_ComponentsList_SetPosition_InputArguments,10529,Variable
PumpType_Documentation_ComponentsList_Size,10530,Variable
PumpType_Documentation_ComponentsList_UserWritable,10531,Variable
PumpType_Documentation_ComponentsList_Writable,10532,Variable
PumpType_Documentation_ComponentsList_Write,10533,Method
PumpType_Documentation_ComponentsList_Write_InputArguments,10534,Variable
PumpType_Documentation_ComponentsListLink,10535,Variable
PumpType_Documentation_Detail_Close,10536,Method
PumpType_Documentation_Detail_Close_InputArguments,10537,Variable
PumpType_Documentation_Detail_GetPosition,10538,Method
PumpType_Documentation_Detail_GetPosition_InputArguments,10539,Variable
PumpType_Documentation_Detail_GetPosition_OutputArguments,10540,Variable
PumpType_Documentation_Detail_Open,10541,Method
PumpType_Documentation_Detail_Open_InputArguments,10542,Variable
PumpType_Documentation_Detail_Open_OutputArguments,10543,Variable
PumpType_Documentation_Detail_OpenCount,10544,Variable
PumpType_Documentation_Detail_Read,10545,Method
PumpType_Documentation_Detail_Read_InputArguments,10546,Variable
PumpType_Documentation_Detail_Read_OutputArguments,10547,Variable
PumpType_Documentation_Detail_SetPosition,10548,Method
PumpType_Documentation_Detail_SetPosition_InputArguments,10549,Variable
PumpType_Documentation_Detail_Size,10550,Variable
PumpType_Documentation_Detail_UserWritable,10551,Variable
PumpType_Documentation_Detail_Writable,10552,Variable
PumpType_Documentation_Detail_Write,10553,Method
PumpType_Documentation_Detail_Write_InputArguments,10554,Variable
PumpType_Documentation_DetailLink,10555,Variable
PumpType_Documentation_DuringMaintenanceServicesRendered_Close,10556,Method
PumpType_Documentation_DuringMaintenanceServicesRendered_Close_InputArguments,10557,Variable
PumpType_Documentation_DuringMaintenanceServicesRendered_GetPosition,10558,Method
PumpType_Documentation_DuringMaintenanceServicesRendered_GetPosition_InputArguments,10559,Variable
PumpType_Documentation_DuringMaintenanceServicesRendered_GetPosition_OutputArguments,10560,Variable
PumpType_Documentation_DuringMaintenanceServicesRendered_Open,10561,Method
PumpType_Documentation_DuringMaintenanceServicesRendered_Open_InputArguments,10562,Variable
PumpType_Documentation_DuringMaintenanceServicesRendered_Open_OutputArguments,10563,Variable
PumpType_Documentation_DuringMaintenanceServicesRendered_OpenCount,10564,Variable
PumpType_Documentation_DuringMaintenanceServicesRendered_Read,10565,Method
PumpType_Documentation_DuringMaintenanceServicesRendered_Read_InputArguments,10566,Variable
PumpType_Documentation_DuringMaintenanceServicesRendered_Read_OutputArguments,10567,Variable
PumpType_Documentation_DuringMaintenanceServicesRendered_SetPosition,10568,Method
PumpType_Documentation_DuringMaintenanceServicesRendered_SetPosition_InputArguments,10569,Variable
PumpType_Documentation_DuringMaintenanceServicesRendered_Size,10570,Variable
PumpType_Documentation_DuringMaintenanceServicesRendered_UserWritable,10571,Variable
PumpType_Documentation_DuringMaintenanceServicesRendered_Writable,10572,Variable
PumpType_Documentation_DuringMaintenanceServicesRendered_Write,10573,Method
PumpType_Documentation_DuringMaintenanceServicesRendered_Write_InputArguments,10574,Variable
PumpType_Documentation_DuringMaintenanceServicesRenderedLink,10575,Variable
PumpType_Documentation_ImplementationDescription_Close,10576,Method
PumpType_Documentation_ImplementationDescription_Close_InputArguments,10577,Variable
PumpType_Documentation_ImplementationDescription_GetPosition,10578,Method
PumpType_Documentation_ImplementationDescription_GetPosition_InputArguments,10579,Variable
PumpType_Documentation_ImplementationDescription_GetPosition_OutputArguments,10580,Variable
PumpType_Documentation_ImplementationDescription_Open,10581,Method
PumpType_Documentation_ImplementationDescription_Open_InputArguments,10582,Variable
PumpType_Documentation_ImplementationDescription_Open_OutputArguments,10583,Variable
PumpType_Documentation_ImplementationDescription_OpenCount,10584,Variable
PumpType_Documentation_ImplementationDescription_Read,10585,Method
PumpType_Documentation_ImplementationDescription_Read_InputArguments,10586,Variable
PumpType_Documentation_ImplementationDescription_Read_OutputArguments,10587,Variable
PumpType_Documentation_ImplementationDescription_SetPosition,10588,Method
PumpType_Documentation_ImplementationDescription_SetPosition_InputArguments,10589,Variable
PumpType_Documentation_ImplementationDescription_Size,10590,Variable
PumpType_Documentation_ImplementationDescription_UserWritable,10591,Variable
PumpType_Documentation_ImplementationDescription_Writable,10592,Variable
PumpType_Documentation_ImplementationDescription_Write,10593,Method
PumpType_Documentation_ImplementationDescription_Write_InputArguments,10594,Variable
PumpType_Documentation_ImplementationDescriptionLink,10595,Variable
PumpType_Documentation_Layout_Close,10596,Method
PumpType_Documentation_Layout_Close_InputArguments,10597,Variable
PumpType_Documentation_Layout_GetPosition,10598,Method
PumpType_Documentation_Layout_GetPosition_InputArguments,10599,Variable
PumpType_Documentation_Layout_GetPosition_OutputArguments,10600,Variable
PumpType_Documentation_Layout_Open,10601,Method
PumpType_Documentation_Layout_Open_InputArguments,10602,Variable
PumpType_Documentation_Layout_Open_OutputArguments,10603,Variable
PumpType_Documentation_Layout_OpenCount,10604,Variable
PumpType_Documentation_Layout_Read,10605,Method
PumpType_Documentation_Layout_Read_InputArguments,10606,Variable
PumpType_Documentation_Layout_Read_OutputArguments,10607,Variable
PumpType_Documentation_Layout_SetPosition,10608,Method
PumpType_Documentation_Layout_SetPosition_InputArguments,10609,Variable
PumpType_Documentation_Layout_Size,10610,Variable
PumpType_Documentation_Layout_UserWritable,10611,Variable
PumpType_Documentation_Layout_Writable,10612,Variable
PumpType_Documentation_Layout_Write,10613,Method
PumpType_Documentation_Layout_Write_InputArguments,10614,Variable
PumpType_Documentation_LayoutLink,10615,Variable
PumpType_Documentation_Location_Close,10616,Method
PumpType_Documentation_Location_Close_InputArguments,10617,Variable
PumpType_Documentation_Location_GetPosition,10618,Method
PumpType_Documentation_Location_GetPosition_InputArguments,10619,Variable
PumpType_Documentation_Location_GetPosition_OutputArguments,10620,Variable
PumpType_Documentation_Location_Open,10621,Method
PumpType_Documentation_Location_Open_InputArguments,10622,Variable
PumpType_Documentation_Location_Open_OutputArguments,10623,Variable
PumpType_Documentation_Location_OpenCount,10624,Variable
PumpType_Documentation_Location_Read,10625,Method
PumpType_Documentation_Location_Read_InputArguments,10626,Variable
PumpType_Documentation_Location_Read_OutputArguments,10627,Variable
PumpType_Documentation_Location_SetPosition,10628,Method
PumpType_Documentation_Location_SetPosition_InputArguments,10629,Variable
PumpType_Documentation_Location_Size,10630,Variable
PumpType_Documentation_Location_UserWritable,10631,Variable
PumpType_Documentation_Location_Writable,10632,Variable
PumpType_Documentation_Location_Write,10633,Method
PumpType_Documentation_Location_Write_InputArguments,10634,Variable
PumpType_Documentation_LocationLink,10635,Variable
PumpType_Documentation_LogicDiagram_Close,10636,Method
PumpType_Documentation_LogicDiagram_Close_InputArguments,10637,Variable
PumpType_Documentation_LogicDiagram_GetPosition,10638,Method
PumpType_Documentation_LogicDiagram_GetPosition_InputArguments,10639,Variable
PumpType_Documentation_LogicDiagram_GetPosition_OutputArguments,10640,Variable
PumpType_Documentation_LogicDiagram_Open,10641,Method
PumpType_Documentation_LogicDiagram_Open_InputArguments,10642,Variable
PumpType_Documentation_LogicDiagram_Open_OutputArguments,10643,Variable
PumpType_Documentation_LogicDiagram_OpenCount,10644,Variable
PumpType_Documentation_LogicDiagram_Read,10645,Method
PumpType_Documentation_LogicDiagram_Read_InputArguments,10646,Variable
PumpType_Documentation_LogicDiagram_Read_OutputArguments,10647,Variable
PumpType_Documentation_LogicDiagram_SetPosition,10648,Method
PumpType_Documentation_LogicDiagram_SetPosition_InputArguments,10649,Variable
PumpType_Documentation_LogicDiagram_Size,10650,Variable
PumpType_Documentation_LogicDiagram_UserWritable,10651,Variable
PumpType_Documentation_LogicDiagram_Writable,10652,Variable
PumpType_Documentation_LogicDiagram_Write,10653,Method
PumpType_Documentation_LogicDiagram_Write_InputArguments,10654,Variable
PumpType_Documentation_LogicDiagramLink,10655,Variable
PumpType_Documentation_LubricationMap_Close,10656,Method
PumpType_Documentation_LubricationMap_Close_InputArguments,10657,Variable
PumpType_Documentation_LubricationMap_GetPosition,10658,Method
PumpType_Documentation_LubricationMap_GetPosition_InputArguments,10659,Variable
PumpType_Documentation_LubricationMap_GetPosition_OutputArguments,10660,Variable
PumpType_Documentation_LubricationMap_Open,10661,Method
PumpType_Documentation_LubricationMap_Open_InputArguments,10662,Variable
PumpType_Documentation_LubricationMap_Open_OutputArguments,10663,Variable
PumpType_Documentation_LubricationMap_OpenCount,10664,Variable
PumpType_Documentation_LubricationMap_Read,10665,Method
PumpType_Documentation_LubricationMap_Read_InputArguments,10666,Variable
PumpType_Documentation_LubricationMap_Read_OutputArguments,10667,Variable
PumpType_Documentation_LubricationMap_SetPosition,10668,Method
PumpType_Documentation_LubricationMap_SetPosition_InputArguments,10669,Variable
PumpType_Documentation_LubricationMap_Size,10670,Variable
PumpType_Documentation_LubricationMap_UserWritable,10671,Variable
PumpType_Documentation_LubricationMap_Writable,10672,Variable
PumpType_Documentation_LubricationMap_Write,10673,Method
PumpType_Documentation_LubricationMap_Write_InputArguments,10674,Variable
PumpType_Documentation_LubricationMapLink,10675,Variable
PumpType_Documentation_MaintenanceManual_Close,10676,Method
PumpType_Documentation_MaintenanceManual_Close_InputArguments,10677,Variable
PumpType_Documentation_MaintenanceManual_GetPosition,10678,Method
PumpType_Documentation_MaintenanceManual_GetPosition_InputArguments,10679,Variable
PumpType_Documentation_MaintenanceManual_GetPosition_OutputArguments,10680,Variable
PumpType_Documentation_MaintenanceManual_Open,10681,Method
PumpType_Documentation_MaintenanceManual_Open_InputArguments,10682,Variable
PumpType_Documentation_MaintenanceManual_Open_OutputArguments,10683,Variable
PumpType_Documentation_MaintenanceManual_OpenCount,10684,Variable
PumpType_Documentation_MaintenanceManual_Read,10685,Method
PumpType_Documentation_MaintenanceManual_Read_InputArguments,10686,Variable
PumpType_Documentation_MaintenanceManual_Read_OutputArguments,10687,Variable
PumpType_Documentation_MaintenanceManual_SetPosition,10688,Method
PumpType_Documentation_MaintenanceManual_SetPosition_InputArguments,10689,Variable
PumpType_Documentation_MaintenanceManual_Size,10690,Variable
PumpType_Documentation_MaintenanceManual_UserWritable,10691,Variable
PumpType_Documentation_MaintenanceManual_Writable,10692,Variable
PumpType_Documentation_MaintenanceManual_Write,10693,Method
PumpType_Documentation_MaintenanceManual_Write_InputArguments,10694,Variable
PumpType_Documentation_MaintenanceManualLink,10695,Variable
PumpType_Documentation_OperationManual_Close,10696,Method
PumpType_Documentation_OperationManual_Close_InputArguments,10697,Variable
PumpType_Documentation_OperationManual_GetPosition,10698,Method
PumpType_Documentation_OperationManual_GetPosition_InputArguments,10699,Variable
PumpType_Documentation_OperationManual_GetPosition_OutputArguments,10700,Variable
PumpType_Documentation_OperationManual_Open,10701,Method
PumpType_Documentation_OperationManual_Open_InputArguments,10702,Variable
PumpType_Documentation_OperationManual_Open_OutputArguments,10703,Variable
PumpType_Documentation_OperationManual_OpenCount,10704,Variable
PumpType_Documentation_OperationManual_Read,10705,Method
PumpType_Documentation_OperationManual_Read_InputArguments,10706,Variable
PumpType_Documentation_OperationManual_Read_OutputArguments,10707,Variable
PumpType_Documentation_OperationManual_SetPosition,10708,Method
PumpType_Documentation_OperationManual_SetPosition_InputArguments,10709,Variable
PumpType_Documentation_OperationManual_Size,10710,Variable
PumpType_Documentation_OperationManual_UserWritable,10711,Variable
PumpType_Documentation_OperationManual_Writable,10712,Variable
PumpType_Documentation_OperationManual_Write,10713,Method
PumpType_Documentation_OperationManual_Write_InputArguments,10714,Variable
PumpType_Documentation_OperationManualLink,10715,Variable
PumpType_Documentation_PersonnelRecording_Close,10716,Method
PumpType_Documentation_PersonnelRecording_Close_InputArguments,10717,Variable
PumpType_Documentation_PersonnelRecording_GetPosition,10718,Method
PumpType_Documentation_PersonnelRecording_GetPosition_InputArguments,10719,Variable
PumpType_Documentation_PersonnelRecording_GetPosition_OutputArguments,10720,Variable
PumpType_Documentation_PersonnelRecording_Open,10721,Method
PumpType_Documentation_PersonnelRecording_Open_InputArguments,10722,Variable
PumpType_Documentation_PersonnelRecording_Open_OutputArguments,10723,Variable
PumpType_Documentation_PersonnelRecording_OpenCount,10724,Variable
PumpType_Documentation_PersonnelRecording_Read,10725,Method
PumpType_Documentation_PersonnelRecording_Read_InputArguments,10726,Variable
PumpType_Documentation_PersonnelRecording_Read_OutputArguments,10727,Variable
PumpType_Documentation_PersonnelRecording_SetPosition,10728,Method
PumpType_Documentation_PersonnelRecording_SetPosition_InputArguments,10729,Variable
PumpType_Documentation_PersonnelRecording_Size,10730,Variable
PumpType_Documentation_PersonnelRecording_UserWritable,10731,Variable
PumpType_Documentation_PersonnelRecording_Writable,10732,Variable
PumpType_Documentation_PersonnelRecording_Write,10733,Method
PumpType_Documentation_PersonnelRecording_Write_InputArguments,10734,Variable
PumpType_Documentation_PersonnelRecordingLink,10735,Variable
PumpType_Documentation_PipeAndInstrumentDiagram_Close,10736,Method
PumpType_Documentation_PipeAndInstrumentDiagram_Close_InputArguments,10737,Variable
PumpType_Documentation_PipeAndInstrumentDiagram_GetPosition,10738,Method
PumpType_Documentation_PipeAndInstrumentDiagram_GetPosition_InputArguments,10739,Variable
PumpType_Documentation_PipeAndInstrumentDiagram_GetPosition_OutputArguments,10740,Variable
PumpType_Documentation_PipeAndInstrumentDiagram_Open,10741,Method
PumpType_Documentation_PipeAndInstrumentDiagram_Open_InputArguments,10742,Variable
PumpType_Documentation_PipeAndInstrumentDiagram_Open_OutputArguments,10743,Variable
PumpType_Documentation_PipeAndInstrumentDiagram_OpenCount,10744,Variable
PumpType_Documentation_PipeAndInstrumentDiagram_Read,10745,Method
PumpType_Documentation_PipeAndInstrumentDiagram_Read_InputArguments,10746,Variable
PumpType_Documentation_PipeAndInstrumentDiagram_Read_OutputArguments,10747,Variable
PumpType_Documentation_PipeAndInstrumentDiagram_SetPosition,10748,Method
PumpType_Documentation_PipeAndInstrumentDiagram_SetPosition_InputArguments,10749,Variable
PumpType_Documentation_PipeAndInstrumentDiagram_Size,10750,Variable
PumpType_Documentation_PipeAndInstrumentDiagram_UserWritable,10751,Variable
PumpType_Documentation_PipeAndInstrumentDiagram_Writable,10752,Variable
PumpType_Documentation_PipeAndInstrumentDiagram_Write,10753,Method
PumpType_Documentation_PipeAndInstrumentDiagram_Write_InputArguments,10754,Variable
PumpType_Documentation_PipeAndInstrumentDiagramLink,10755,Variable
PumpType_Documentation_ScopeOfWork_Close,10756,Method
PumpType_Documentation_ScopeOfWork_Close_InputArguments,10757,Variable
PumpType_Documentation_ScopeOfWork_GetPosition,10758,Method
PumpType_Documentation_ScopeOfWork_GetPosition_InputArguments,10759,Variable
PumpType_Documentation_ScopeOfWork_GetPosition_OutputArguments,10760,Variable
PumpType_Documentation_ScopeOfWork_Open,10761,Method
PumpType_Documentation_ScopeOfWork_Open_InputArguments,10762,Variable
PumpType_Documentation_ScopeOfWork_Open_OutputArguments,10763,Variable
PumpType_Documentation_ScopeOfWork_OpenCount,10764,Variable
PumpType_Documentation_ScopeOfWork_Read,10765,Method
PumpType_Documentation_ScopeOfWork_Read_InputArguments,10766,Variable
PumpType_Documentation_ScopeOfWork_Read_OutputArguments,10767,Variable
PumpType_Documentation_ScopeOfWork_SetPosition,10768,Method
PumpType_Documentation_ScopeOfWork_SetPosition_InputArguments,10769,Variable
PumpType_Documentation_ScopeOfWork_Size,10770,Variable
PumpType_Documentation_ScopeOfWork_UserWritable,10771,Variable
PumpType_Documentation_ScopeOfWork_Writable,10772,Variable
PumpType_Documentation_ScopeOfWork_Write,10773,Method
PumpType_Documentation_ScopeOfWork_Write_InputArguments,10774,Variable
PumpType_Documentation_ScopeOfWorkLink,10775,Variable
PumpType_Documentation_SingleLineDiagram_Close,10776,Method
PumpType_Documentation_SingleLineDiagram_Close_InputArguments,10777,Variable
PumpType_Documentation_SingleLineDiagram_GetPosition,10778,Method
PumpType_Documentation_SingleLineDiagram_GetPosition_InputArguments,10779,Variable
PumpType_Documentation_SingleLineDiagram_GetPosition_OutputArguments,10780,Variable
PumpType_Documentation_SingleLineDiagram_Open,10781,Method
PumpType_Documentation_SingleLineDiagram_Open_InputArguments,10782,Variable
PumpType_Documentation_SingleLineDiagram_Open_OutputArguments,10783,Variable
PumpType_Documentation_SingleLineDiagram_OpenCount,10784,Variable
PumpType_Documentation_SingleLineDiagram_Read,10785,Method
PumpType_Documentation_SingleLineDiagram_Read_InputArguments,10786,Variable
PumpType_Documentation_SingleLineDiagram_Read_OutputArguments,10787,Variable
PumpType_Documentation_SingleLineDiagram_SetPosition,10788,Method
PumpType_Documentation_SingleLineDiagram_SetPosition_InputArguments,10789,Variable
PumpType_Documentation_SingleLineDiagram_Size,10790,Variable
PumpType_Documentation_SingleLineDiagram_UserWritable,10791,Variable
PumpType_Documentation_SingleLineDiagram_Writable,10792,Variable
PumpType_Documentation_SingleLineDiagram_Write,10793,Method
PumpType_Documentation_SingleLineDiagram_Write_InputArguments,10794,Variable
PumpType_Documentation_SingleLineDiagramLink,10795,Variable
PumpType_Documentation_SparePartReference_Close,10796,Method
PumpType_Documentation_SparePartReference_Close_InputArguments,10797,Variable
PumpType_Documentation_SparePartReference_GetPosition,10798,Method
PumpType_Documentation_SparePartReference_GetPosition_InputArguments,10799,Variable
PumpType_Documentation_SparePartReference_GetPosition_OutputArguments,10800,Variable
PumpType_Documentation_SparePartReference_Open,10801,Method
PumpType_Documentation_SparePartReference_Open_InputArguments,10802,Variable
PumpType_Documentation_SparePartReference_Open_OutputArguments,10803,Variable
PumpType_Documentation_SparePartReference_OpenCount,10804,Variable
PumpType_Documentation_SparePartReference_Read,10805,Method
PumpType_Documentation_SparePartReference_Read_InputArguments,10806,Variable
PumpType_Documentation_SparePartReference_Read_OutputArguments,10807,Variable
PumpType_Documentation_SparePartReference_SetPosition,10808,Method
PumpType_Documentation_SparePartReference_SetPosition_InputArguments,10809,Variable
PumpType_Documentation_SparePartReference_Size,10810,Variable
PumpType_Documentation_SparePartReference_UserWritable,10811,Variable
PumpType_Documentation_SparePartReference_Writable,10812,Variable
PumpType_Documentation_SparePartReference_Write,10813,Method
PumpType_Documentation_SparePartReference_Write_InputArguments,10814,Variable
PumpType_Documentation_SparePartReferenceLink,10815,Variable
PumpType_Documentation_Staff_Close,10816,Method
PumpType_Documentation_Staff_Close_InputArguments,10817,Variable
PumpType_Documentation_Staff_GetPosition,10818,Method
PumpType_Documentation_Staff_GetPosition_InputArguments,10819,Variable
PumpType_Documentation_Staff_GetPosition_OutputArguments,10820,Variable
PumpType_Documentation_Staff_Open,10821,Method
PumpType_Documentation_Staff_Open_InputArguments,10822,Variable
PumpType_Documentation_Staff_Open_OutputArguments,10823,Variable
PumpType_Documentation_Staff_OpenCount,10824,Variable
PumpType_Documentation_Staff_Read,10825,Method
PumpType_Documentation_Staff_Read_InputArguments,10826,Variable
PumpType_Documentation_Staff_Read_OutputArguments,10827,Variable
PumpType_Documentation_Staff_SetPosition,10828,Method
PumpType_Documentation_Staff_SetPosition_InputArguments,10829,Variable
PumpType_Documentation_Staff_Size,10830,Variable
PumpType_Documentation_Staff_UserWritable,10831,Variable
PumpType_Documentation_Staff_Writable,10832,Variable
PumpType_Documentation_Staff_Write,10833,Method
PumpType_Documentation_Staff_Write_InputArguments,10834,Variable
PumpType_Documentation_StaffLink,10835,Variable
PumpType_Documentation_TechnicalData_Close,10836,Method
PumpType_Documentation_TechnicalData_Close_InputArguments,10837,Variable
PumpType_Documentation_TechnicalData_GetPosition,10838,Method
PumpType_Documentation_TechnicalData_GetPosition_InputArguments,10839,Variable
PumpType_Documentation_TechnicalData_GetPosition_OutputArguments,10840,Variable
PumpType_Documentation_TechnicalData_Open,10841,Method
PumpType_Documentation_TechnicalData_Open_InputArguments,10842,Variable
PumpType_Documentation_TechnicalData_Open_OutputArguments,10843,Variable
PumpType_Documentation_TechnicalData_OpenCount,10844,Variable
PumpType_Documentation_TechnicalData_Read,10845,Method
PumpType_Documentation_TechnicalData_Read_InputArguments,10846,Variable
PumpType_Documentation_TechnicalData_Read_OutputArguments,10847,Variable
PumpType_Documentation_TechnicalData_SetPosition,10848,Method
PumpType_Documentation_TechnicalData_SetPosition_InputArguments,10849,Variable
PumpType_Documentation_TechnicalData_Size,10850,Variable
PumpType_Documentation_TechnicalData_UserWritable,10851,Variable
PumpType_Documentation_TechnicalData_Writable,10852,Variable
PumpType_Documentation_TechnicalData_Write,10853,Method
PumpType_Documentation_TechnicalData_Write_InputArguments,10854,Variable
PumpType_Documentation_TechnicalDataLink,10855,Variable
PumpType_Documentation_TestProgramReport_Close,10856,Method
PumpType_Documentation_TestProgramReport_Close_InputArguments,10857,Variable
PumpType_Documentation_TestProgramReport_GetPosition,10858,Method
PumpType_Documentation_TestProgramReport_GetPosition_InputArguments,10859,Variable
PumpType_Documentation_TestProgramReport_GetPosition_OutputArguments,10860,Variable
PumpType_Documentation_TestProgramReport_Open,10861,Method
PumpType_Documentation_TestProgramReport_Open_InputArguments,10862,Variable
PumpType_Documentation_TestProgramReport_Open_OutputArguments,10863,Variable
PumpType_Documentation_TestProgramReport_OpenCount,10864,Variable
PumpType_Documentation_TestProgramReport_Read,10865,Method
PumpType_Documentation_TestProgramReport_Read_InputArguments,10866,Variable
PumpType_Documentation_TestProgramReport_Read_OutputArguments,10867,Variable
PumpType_Documentation_TestProgramReport_SetPosition,10868,Method
PumpType_Documentation_TestProgramReport_SetPosition_InputArguments,10869,Variable
PumpType_Documentation_TestProgramReport_Size,10870,Variable
PumpType_Documentation_TestProgramReport_UserWritable,10871,Variable
PumpType_Documentation_TestProgramReport_Writable,10872,Variable
PumpType_Documentation_TestProgramReport_Write,10873,Method
PumpType_Documentation_TestProgramReport_Write_InputArguments,10874,Variable
PumpType_Documentation_TestProgramReportLink,10875,Variable
PumpType_Documentation_UnitMaintenanceReport_Close,10876,Method
PumpType_Documentation_UnitMaintenanceReport_Close_InputArguments,10877,Variable
PumpType_Documentation_UnitMaintenanceReport_GetPosition,10878,Method
PumpType_Documentation_UnitMaintenanceReport_GetPosition_InputArguments,10879,Variable
PumpType_Documentation_UnitMaintenanceReport_GetPosition_OutputArguments,10880,Variable
PumpType_Documentation_UnitMaintenanceReport_Open,10881,Method
PumpType_Documentation_UnitMaintenanceReport_Open_InputArguments,10882,Variable
PumpType_Documentation_UnitMaintenanceReport_Open_OutputArguments,10883,Variable
PumpType_Documentation_UnitMaintenanceReport_OpenCount,10884,Variable
PumpType_Documentation_UnitMaintenanceReport_Read,10885,Method
PumpType_Documentation_UnitMaintenanceReport_Read_InputArguments,10886,Variable
PumpType_Documentation_UnitMaintenanceReport_Read_OutputArguments,10887,Variable
PumpType_Documentation_UnitMaintenanceReport_SetPosition,10888,Method
PumpType_Documentation_UnitMaintenanceReport_SetPosition_InputArguments,10889,Variable
PumpType_Documentation_UnitMaintenanceReport_Size,10890,Variable
PumpType_Documentation_UnitMaintenanceReport_UserWritable,10891,Variable
PumpType_Documentation_UnitMaintenanceReport_Writable,10892,Variable
PumpType_Documentation_UnitMaintenanceReport_Write,10893,Method
PumpType_Documentation_UnitMaintenanceReport_Write_InputArguments,10894,Variable
PumpType_Documentation_UnitMaintenanceReportLink,10895,Variable
PumpType_Identification_AssetId,10896,Variable
PumpType_Identification_ComponentName,10897,Variable
PumpType_Identification_DeviceClass,10898,Variable
PumpType_Identification_HardwareRevision,10899,Variable
PumpType_Identification_InitialOperationDate,10900,Variable
PumpType_Identification_Location,10901,Variable
PumpType_Identification_ManufacturerUri,10902,Variable
PumpType_Identification_Model,10903,Variable
PumpType_Identification_MonthOfConstruction,10904,Variable
PumpType_Identification_ProductCode,10905,Variable
PumpType_Identification_SoftwareRevision,10906,Variable
PumpType_Identification_YearOfConstruction,10907,Variable
PumpType_Identification_ArticleNumber,10908,Variable
PumpType_Identification_CountryOfOrigin,10909,Variable
PumpType_Identification_DayOfConstruction,10910,Variable
PumpType_Identification_FabricationNumber,10911,Variable
PumpType_Identification_GTINCode,10912,Variable
PumpType_Identification_NationalStockNumber,10913,Variable
PumpType_Identification_OrderProductCode,10914,Variable
PumpType_Identification_PhysicalAddress,10915,Variable
PumpType_Identification_Supplier,10916,Variable
PumpType_Identification_TypeOfProduct,10917,Variable
PumpType_Events_SupervisionPumpOperation_AccessoryLiquidOverheat_TrueState,10918,Variable
PumpType_Maintenance_BreakdownMaintenance_CorrectiveMaintenanceTime,10919,Variable
PumpType_Maintenance_BreakdownMaintenance_Criticality,10920,Variable
PumpType_Maintenance_BreakdownMaintenance_Failure,10921,Variable
PumpType_Maintenance_BreakdownMaintenance_Failure_FalseState,10922,Variable
PumpType_Maintenance_BreakdownMaintenance_Failure_TrueState,10923,Variable
PumpType_Maintenance_BreakdownMaintenance_NumberOfFailures,10924,Variable
PumpType_Maintenance_BreakdownMaintenance_Severity,10925,Variable
PumpType_Maintenance_ConditionBasedMaintenance_Availability,10926,Variable
PumpType_Maintenance_ConditionBasedMaintenance_Durability,10927,Variable
PumpType_Maintenance_ConditionBasedMaintenance_ExpectedReliability,10928,Variable
PumpType_Maintenance_ConditionBasedMaintenance_InstantaneousAvailability,10929,Variable
PumpType_Maintenance_ConditionBasedMaintenance_IntrinsicMaintainability,10930,Variable
PumpType_Maintenance_ConditionBasedMaintenance_IntrinsicReliability,10931,Variable
PumpType_Maintenance_ConditionBasedMaintenance_Maintainability,10932,Variable
PumpType_Maintenance_ConditionBasedMaintenance_ProductionBasedAvailability,10933,Variable
PumpType_Maintenance_ConditionBasedMaintenance_Reliability,10934,Variable
PumpType_Maintenance_ConditionBasedMaintenance_TimeBasedAvailability,10935,Variable
PumpType_Maintenance_GeneralMaintenance_ActiveMaintenanceTime,10936,Variable
PumpType_Maintenance_GeneralMaintenance_FailureRate,10937,Variable
PumpType_Maintenance_GeneralMaintenance_MaintenanceLevel,10938,Variable
PumpType_Maintenance_GeneralMaintenance_MaintenanceTime,10939,Variable
PumpType_Maintenance_GeneralMaintenance_MeanOperatingTimeBetweenFailures,10940,Variable
PumpType_Maintenance_GeneralMaintenance_MeanRepairTime,10941,Variable
PumpType_Maintenance_GeneralMaintenance_MeanTimeToRestauration,10942,Variable
PumpType_Maintenance_GeneralMaintenance_Obsolescence,10943,Variable
PumpType_Maintenance_GeneralMaintenance_Obsolescence_FalseState,10944,Variable
PumpType_Maintenance_GeneralMaintenance_Obsolescence_TrueState,10945,Variable
PumpType_Maintenance_GeneralMaintenance_OperatingTimeBetweenFailures,10946,Variable
PumpType_Maintenance_GeneralMaintenance_OperatingTimeToFailure,10947,Variable
PumpType_Maintenance_GeneralMaintenance_RepairTime,10948,Variable
PumpType_Maintenance_GeneralMaintenance_StateOfTheItem,10949,Variable
PumpType_Maintenance_GeneralMaintenance_TimeBetweenFailures,10950,Variable
PumpType_Maintenance_GeneralMaintenance_TimeToRestoration,10951,Variable
PumpType_Maintenance_PreventiveMaintenance_ActivePreventiveMaintenanceTime,10952,Variable
PumpType_Maintenance_PreventiveMaintenance_InstallationDate,10953,Variable
PumpType_Maintenance_PreventiveMaintenance_LastInspectionDate,10954,Variable
PumpType_Maintenance_PreventiveMaintenance_LastServicingDate,10955,Variable
PumpType_Maintenance_PreventiveMaintenance_NextInspectionDate,10956,Variable
PumpType_Maintenance_PreventiveMaintenance_NextServicingDate,10957,Variable
PumpType_Maintenance_PreventiveMaintenance_PreventiveMaintenanceTime,10958,Variable
PumpType_Ports_Drive_Placeholder_Category,10959,Variable
PumpType_Ports_Drive_Placeholder_Direction,10960,Variable
PumpType_Ports_Drive_Placeholder_IdCarrier,10961,Variable
PumpType_Ports_InletConnection_Placeholder_Category,10962,Variable
PumpType_Ports_InletConnection_Placeholder_Direction,10963,Variable
PumpType_Ports_InletConnection_Placeholder_IdCarrier,10964,Variable
PumpType_Ports_OutletConnection_Placeholder_Category,10965,Variable
PumpType_Ports_OutletConnection_Placeholder_Direction,10966,Variable
PumpType_Ports_OutletConnection_Placeholder_IdCarrier,10967,Variable
OperationalGroupType_Control_CommandVariable,10968,Variable
OperationalGroupType_Control_ControlDifferenceVariable,10969,Variable
OperationalGroupType_Control_ControlledVariable,10970,Variable
OperationalGroupType_Control_ControllerOutputVariable,10971,Variable
PortsGroupType_Drive_Placeholder_Measurements_Current,10972,Variable
OperationalGroupType_Measurements_AxialRotorPosition_EURange,10973,Variable
PortsGroupType_Drive_Placeholder_Measurements_DCLinkCurrent,10974,Variable
OperationalGroupType_Measurements_CoolantTemperature_Definition,10975,Variable
PortsGroupType_Drive_Placeholder_Measurements_DCLinkVoltage,10976,Variable
PumpType_Operational_Measurements_AxialRotorPosition_Definition,10977,Variable
PortsGroupType_Drive_Placeholder_Measurements_DriverPowerInput,10978,Variable
PumpType_Operational_Measurements_AxialRotorPosition_EngineeringUnits,10979,Variable
PortsGroupType_Drive_Placeholder_Measurements_EnergyConsumption,10980,Variable
PumpType_Operational_Measurements_AxialRotorPosition_EURange,10981,Variable
PortsGroupType_Drive_Placeholder_Measurements_Frequency,10982,Variable
OperationalGroupType_Measurements_CoolantTemperature_EngineeringUnits,10983,Variable
PortsGroupType_Drive_Placeholder_Measurements_MotorCurrent,10984,Variable
MeasurementsType_AxialRotorPosition_KindOfQuantity,10985,Variable
PortsGroupType_Drive_Placeholder_Measurements_MotorEfficiency,10986,Variable
OperationalGroupType_Measurements_AxialRotorPosition_KindOfQuantity,10987,Variable
PortsGroupType_Drive_Placeholder_Measurements_MotorTemperature,10988,Variable
PumpType_Operational_Measurements_AxialRotorPosition_KindOfQuantity,10989,Variable
PortsGroupType_Drive_Placeholder_Measurements_MotorVoltage,10990,Variable
MeasurementsType_BackPressure_Definition,10991,Variable
PortsGroupType_Drive_Placeholder_Measurements_PowerFactor,10992,Variable
MeasurementsType_BackPressure_EURange,10993,Variable
PortsGroupType_Drive_Placeholder_Measurements_Torque,10994,Variable
MeasurementsType_BackPressure_EngineeringUnits,10995,Variable
PortsGroupType_Drive_Placeholder_Measurements_Voltage,10996,Variable
OperationalGroupType_Measurements_CoolantTemperature_EURange,10997,Variable
PortsGroupType_InletConnection_Placeholder_Category,10998,Variable
PortsGroupType_InletConnection_Placeholder_Direction,10999,Variable
PortsGroupType_InletConnection_Placeholder_IdCarrier,11000,Variable
OperationalGroupType_Control_DeadTime,11001,Variable
OperationalGroupType_Control_DerivativeActionCoefficient,11002,Variable
OperationalGroupType_Control_FeedbackVariable,11003,Variable
OperationalGroupType_Control_FinalControlledVariable,11004,Variable
OperationalGroupType_Control_IntegralActionCoefficient,11005,Variable
OperationalGroupType_Control_ManipulatedVariable,11006,Variable
OperationalGroupType_Control_OperatingMode,11007,Variable
OperationalGroupType_Control_ProportionalActionCoefficient,11008,Variable
OperationalGroupType_Control_ReferenceVariable,11009,Variable
OperationalGroupType_MultiPump_DistributionPriority,11010,Variable
OperationalGroupType_MultiPump_DistributionType,11011,Variable
OperationalGroupType_MultiPump_ExchangeMode,11012,Variable
OperationalGroupType_MultiPump_ExchangeTime,11013,Variable
OperationalGroupType_MultiPump_ExchangeTimeDifference,11014,Variable
OperationalGroupType_MultiPump_ExchangeTimeDifference_EngineeringUnits,11015,Variable
OperationalGroupType_MultiPump_MaximumNumberOfPumpsInOperation,11016,Variable
OperationalGroupType_MultiPump_MultiPumpOperationMode,11017,Variable
OperationalGroupType_MultiPump_NumberOfPumps,11018,Variable
OperationalGroupType_MultiPump_PumpCollectiveIDs,11019,Variable
OperationalGroupType_MultiPump_PumpRole,11020,Variable
OperationalGroupType_MultiPump_RedundantPumpIDs,11021,Variable
OperationalGroupType_PumpActuation_ActualControlMode,11022,Variable
PortsGroupType_InletConnection_Placeholder_Category_Definition,11023,Variable
PortsGroupType_InletConnection_Placeholder_Direction_Definition,11024,Variable
PortsGroupType_InletConnection_Placeholder_IdCarrier_Definition,11025,Variable
OperationalGroupType_PumpActuation_ActualOperationMode,11026,Variable
OperationalGroupType_PumpActuation_CleanValveRequest_DiscreteOutputValue,11027,Variable
OperationalGroupType_PumpActuation_CleanValveRequest_DiscreteOutputValue_FalseState,11028,Variable
PortsGroupType_InletConnection_Placeholder_Design_CriticalBackingPressure,11029,Variable
PortsGroupType_InletConnection_Placeholder_Design_InletAreaOfThePump,11030,Variable
PortsGroupType_InletConnection_Placeholder_Design_MaximumAllowableInletPressure,11031,Variable
PortsGroupType_InletConnection_Placeholder_Design_MaximumTolerableWaterVaporInletPressure,11032,Variable
PortsGroupType_InletConnection_Placeholder_Design_MaximumWorkingPressure,11033,Variable
PortsGroupType_InletConnection_Placeholder_Design_MinimumAllowableInletPressure,11034,Variable
PortsGroupType_InletConnection_Placeholder_Design_NetPositiveInletPressureRequired,11035,Variable
PortsGroupType_InletConnection_Placeholder_Design_NominalPressure,11036,Variable
PortsGroupType_InletConnection_Placeholder_Design_WaterVaporCapacity,11037,Variable
OperationalGroupType_PumpActuation_CleanValveRequest_DiscreteOutputValue_TrueState,11038,Variable
OperationalGroupType_PumpActuation_ControlInversion,11039,Variable
OperationalGroupType_PumpActuation_ControlInversion_FalseState,11040,Variable
OperationalGroupType_PumpActuation_ControlInversion_TrueState,11041,Variable
OperationalGroupType_PumpActuation_Enable,11042,Variable
OperationalGroupType_PumpActuation_Enable_FalseState,11043,Variable
OperationalGroupType_PumpActuation_Enable_TrueState,11044,Variable
OperationalGroupType_PumpActuation_ExternalSignal,11045,Variable
OperationalGroupType_PumpActuation_ExternalSignal_FalseState,11046,Variable
PortsGroupType_InletConnection_Placeholder_Implementation_HeightOfTheInletConnection,11047,Variable
PortsGroupType_InletConnection_Placeholder_Implementation_MeanRatedVelocityAtInlet,11048,Variable
PortsGroupType_InletConnection_Placeholder_Implementation_NominalSize,11049,Variable
PortsGroupType_InletConnection_Placeholder_Implementation_RatedInletPressure,11050,Variable
PortsGroupType_InletConnection_Placeholder_Implementation_TotalHeadAtInletAreaOfThePump,11051,Variable
OperationalGroupType_PumpActuation_ExternalSignal_TrueState,11052,Variable
OperationalGroupType_PumpActuation_FaultAction,11053,Variable
OperationalGroupType_PumpActuation_FaultAction_FalseState,11054,Variable
OperationalGroupType_PumpActuation_FaultAction_TrueState,11055,Variable
OperationalGroupType_PumpActuation_FaultValue,11056,Variable
PortsGroupType_InletConnection_Placeholder_Measurements_InletTemperatureOfThePump,11057,Variable
OperationalGroupType_Measurements_BackPressure_Definition,11058,Variable
PortsGroupType_InletConnection_Placeholder_Measurements_MeanVelocityAtInlet,11059,Variable
OperationalGroupType_Measurements_BackPressure_EngineeringUnits,11060,Variable
OperationalGroupType_PumpActuation_FeedbackVariable,11061,Variable
OperationalGroupType_PumpActuation_FeedbackVariable_EngineeringUnits,11062,Variable
OperationalGroupType_PumpActuation_FlushValveRequest_DiscreteOutputValue,11063,Variable
OperationalGroupType_PumpActuation_FlushValveRequest_DiscreteOutputValue_FalseState,11064,Variable
PortsGroupType_InletConnection_Placeholder_SystemRequirements_InletPressure,11065,Variable
OperationalGroupType_PumpActuation_FlushValveRequest_DiscreteOutputValue_TrueState,11066,Variable
PortsGroupType_OutletConnection_Placeholder_Category,11067,Variable
PortsGroupType_OutletConnection_Placeholder_Direction,11068,Variable
PortsGroupType_OutletConnection_Placeholder_IdCarrier,11069,Variable
OperationalGroupType_PumpActuation_GasDilValveRequest_DiscreteOutputValue,11070,Variable
OperationalGroupType_PumpActuation_GasDilValveRequest_DiscreteOutputValue_FalseState,11071,Variable
OperationalGroupType_PumpActuation_GasDilValveRequest_DiscreteOutputValue_TrueState,11072,Variable
PortsGroupType_OutletConnection_Placeholder_Design_MaximumAllowableOutletPressure,11073,Variable
PortsGroupType_OutletConnection_Placeholder_Design_MinimumAllowableOutetPressure,11074,Variable
PortsGroupType_OutletConnection_Placeholder_Design_NominalPressure,11075,Variable
PortsGroupType_OutletConnection_Placeholder_Design_OutletAreaOfThePump,11076,Variable
PortsGroupType_OutletConnection_Placeholder_Design_ReliefValveAccumulationPressure,11077,Variable
PortsGroupType_OutletConnection_Placeholder_Design_ReliefValveBackPressure,11078,Variable
PortsGroupType_OutletConnection_Placeholder_Design_ReliefValveReseatPressure,11079,Variable
PortsGroupType_OutletConnection_Placeholder_Design_ReliefValveSetPressure,11080,Variable
OperationalGroupType_PumpActuation_InletValveRequest_DiscreteOutputValue,11081,Variable
OperationalGroupType_PumpActuation_InletValveRequest_DiscreteOutputValue_FalseState,11082,Variable
OperationalGroupType_PumpActuation_InletValveRequest_DiscreteOutputValue_TrueState,11083,Variable
OperationalGroupType_PumpActuation_ManipulatedValue,11084,Variable
OperationalGroupType_PumpActuation_OnOff,11085,Variable
OperationalGroupType_PumpActuation_OnOff_FalseState,11086,Variable
OperationalGroupType_PumpActuation_OnOff_TrueState,11087,Variable
OperationalGroupType_PumpActuation_OutletValveRequest_DiscreteOutputValue,11088,Variable
PortsGroupType_OutletConnection_Placeholder_Implementation_HeightOfTheOutletConnection,11089,Variable
PortsGroupType_OutletConnection_Placeholder_Implementation_MeanRatedVelocityAtOutlet,11090,Variable
PortsGroupType_OutletConnection_Placeholder_Implementation_NominalSize,11091,Variable
PortsGroupType_OutletConnection_Placeholder_Implementation_RatedOutletPressure,11092,Variable
PortsGroupType_OutletConnection_Placeholder_Implementation_TotalHeadAtOutletAreaOfThePump,11093,Variable
OperationalGroupType_PumpActuation_OutletValveRequest_DiscreteOutputValue_FalseState,11094,Variable
OperationalGroupType_PumpActuation_OutletValveRequest_DiscreteOutputValue_TrueState,11095,Variable
OperationalGroupType_PumpActuation_PumpKick_DiscreteOutputValue,11096,Variable
OperationalGroupType_PumpActuation_PumpKick_DiscreteOutputValue_FalseState,11097,Variable
PortsGroupType_Drive_Placeholder_Design_ProtectionClass,11098,Variable
PortsGroupType_OutletConnection_Placeholder_Measurements_MeanVelocityAtOutlet,11099,Variable
OperationalGroupType_Measurements_BackPressure_EURange,11100,Variable
PortsGroupType_OutletConnection_Placeholder_Measurements_OutletTemperatureOfThePump,11101,Variable
PumpType_Operational_Measurements_CoolantTemperature_Definition,11102,Variable
PortsGroupType_Drive_Placeholder_Design_ProtectionClass_Definition,11103,Variable
PortsGroupType_Drive_Placeholder_Design_EnergyEfficiencyClassOfMotor,11104,Variable
PortsGroupType_Drive_Placeholder_Design_EnergyEfficiencyClassOfMotor_Definition,11105,Variable
PortsGroupType_Drive_Placeholder_Design_MaxNominalFrequency,11106,Variable
PortsGroupType_OutletConnection_Placeholder_SystemRequirements_BackingPressure,11107,Variable
PortsGroupType_Drive_Placeholder_Design_MaxNominalFrequency_Definition,11108,Variable
PortsGroupType_Drive_Placeholder_Design_MaxNominalFrequency_EngineeringUnits,11109,Variable
PortsGroupType_Drive_Placeholder_Design_MaxNominalFrequency_EURange,11110,Variable
PortsGroupType_Drive_Placeholder_Design_MinNominalFrequency,11111,Variable
PortsGroupType_Drive_Placeholder_Design_MinNominalFrequency_Definition,11112,Variable
PortsGroupType_Drive_Placeholder_Design_MinNominalFrequency_EngineeringUnits,11113,Variable
PortsGroupType_Drive_Placeholder_Design_MinNominalFrequency_EURange,11114,Variable
PortsGroupType_Drive_Placeholder_Design_MotorEfficiency,11115,Variable
PortsGroupType_Drive_Placeholder_Design_MotorEfficiency_Definition,11116,Variable
PortsGroupType_Drive_Placeholder_Design_MotorEfficiency_EngineeringUnits,11117,Variable
PortsGroupType_Drive_Placeholder_Design_MotorEfficiency_EURange,11118,Variable
PortsGroupType_Drive_Placeholder_Design_NominalFrequency,11119,Variable
PortsGroupType_Drive_Placeholder_Design_NominalFrequency_Definition,11120,Variable
PortsGroupType_Drive_Placeholder_Design_NominalFrequency_EngineeringUnits,11121,Variable
PortsGroupType_Drive_Placeholder_Design_NominalFrequency_EURange,11122,Variable
PortsGroupType_Drive_Placeholder_Design_NominalPowerConsumption,11123,Variable
PortsGroupType_Drive_Placeholder_Design_NominalPowerConsumption_Definition,11124,Variable
PortsGroupType_Drive_Placeholder_Design_NominalPowerConsumption_EngineeringUnits,11125,Variable
PortsGroupType_Drive_Placeholder_Design_NominalPowerConsumption_EURange,11126,Variable
MeasurementsType_AxialLoadOfPumpRotor,11127,Variable
PumpType_Operational_Measurements_BackPressure_Definition,11128,Variable
PortsGroupType_Drive_Placeholder_Design_NominalVoltage,11129,Variable
PortsGroupType_Drive_Placeholder_Design_NominalVoltage_Definition,11130,Variable
PortsGroupType_Drive_Placeholder_Design_NominalVoltage_EngineeringUnits,11131,Variable
PortsGroupType_Drive_Placeholder_Design_NominalVoltage_EURange,11132,Variable
PortsGroupType_Drive_Placeholder_Design_PowerFactor,11133,Variable
PortsGroupType_Drive_Placeholder_Design_PowerFactor_Definition,11134,Variable
PortsGroupType_Drive_Placeholder_Design_PowerFactor_EngineeringUnits,11135,Variable
PortsGroupType_Drive_Placeholder_Design_PowerFactor_EURange,11136,Variable
PortsGroupType_Drive_Placeholder_Design_RatedCurrent,11137,Variable
PortsGroupType_Drive_Placeholder_Design_RatedCurrent_Definition,11138,Variable
PortsGroupType_Drive_Placeholder_Design_RatedCurrent_EngineeringUnits,11139,Variable
PortsGroupType_Drive_Placeholder_Design_RatedCurrent_EURange,11140,Variable
PortsGroupType_Drive_Placeholder_Design_RatedSpeed,11141,Variable
PortsGroupType_Drive_Placeholder_Design_RatedSpeed_Definition,11142,Variable
PortsGroupType_Drive_Placeholder_Design_RatedSpeed_EngineeringUnits,11143,Variable
PortsGroupType_Drive_Placeholder_Design_RatedSpeed_EURange,11144,Variable
PortsGroupType_Drive_Placeholder_Design_TorqueAtNominalSpeedOfDrive,11145,Variable
PortsGroupType_Drive_Placeholder_Design_TorqueAtNominalSpeedOfDrive_Definition,11146,Variable
PortsGroupType_Drive_Placeholder_Design_TorqueAtNominalSpeedOfDrive_EngineeringUnits,11147,Variable
PortsGroupType_Drive_Placeholder_Design_TorqueAtNominalSpeedOfDrive_EURange,11148,Variable
OperationalGroupType_PumpActuation_PumpKick_DiscreteOutputValue_TrueState,11149,Variable
OperationalGroupType_PumpActuation_PumpStandByRequest_DiscreteOutputValue,11150,Variable
OperationalGroupType_PumpActuation_PumpStandByRequest_DiscreteOutputValue_FalseState,11151,Variable
OperationalGroupType_PumpActuation_PumpStandByRequest_DiscreteOutputValue_TrueState,11152,Variable
OperationalGroupType_PumpActuation_PurgeValveRequest_DiscreteOutputValue,11153,Variable
OperationalGroupType_PumpActuation_PurgeValveRequest_DiscreteOutputValue_FalseState,11154,Variable
OperationalGroupType_PumpActuation_PurgeValveRequest_DiscreteOutputValue_TrueState,11155,Variable
OperationalGroupType_PumpActuation_ReferenceVariable,11156,Variable
OperationalGroupType_PumpActuation_ReferenceVariable_EngineeringUnits,11157,Variable
OperationalGroupType_PumpActuation_ReverseRotatingDirection,11158,Variable
OperationalGroupType_PumpActuation_ReverseRotatingDirection_FalseState,11159,Variable
OperationalGroupType_PumpActuation_ReverseRotatingDirection_TrueState,11160,Variable
OperationalGroupType_PumpActuation_SetControlMode,11161,Variable
OperationalGroupType_PumpActuation_SetOperationMode,11162,Variable
OperationalGroupType_PumpActuation_Status,11163,Variable
OperationalGroupType_PumpActuation_Status_FalseState,11164,Variable
OperationalGroupType_PumpActuation_Status_TrueState,11165,Variable
OperationalGroupType_PumpActuation_VentValveRequest_DiscreteOutputValue,11166,Variable
OperationalGroupType_PumpActuation_VentValveRequest_DiscreteOutputValue_FalseState,11167,Variable
OperationalGroupType_PumpActuation_VentValveRequest_DiscreteOutputValue_TrueState,11168,Variable
OperationalGroupType_Signals_Acceleration_DiscreteInputValue,11169,Variable
OperationalGroupType_Signals_Acceleration_DiscreteInputValue_FalseState,11170,Variable
OperationalGroupType_Signals_Acceleration_DiscreteInputValue_TrueState,11171,Variable
OperationalGroupType_Signals_CleanValveOpen_DiscreteInputValue,11172,Variable
OperationalGroupType_Signals_CleanValveOpen_DiscreteInputValue_FalseState,11173,Variable
OperationalGroupType_Signals_CleanValveOpen_DiscreteInputValue_TrueState,11174,Variable
OperationalGroupType_Signals_Deceleration_DiscreteInputValue,11175,Variable
OperationalGroupType_Signals_Deceleration_DiscreteInputValue_FalseState,11176,Variable
OperationalGroupType_Signals_Deceleration_DiscreteInputValue_TrueState,11177,Variable
OperationalGroupType_Signals_FlushValveOpen_DiscreteInputValue,11178,Variable
OperationalGroupType_Signals_FlushValveOpen_DiscreteInputValue_FalseState,11179,Variable
OperationalGroupType_Signals_FlushValveOpen_DiscreteInputValue_TrueState,11180,Variable
OperationalGroupType_Signals_GasDilValveOpen_DiscreteInputValue,11181,Variable
OperationalGroupType_Signals_GasDilValveOpen_DiscreteInputValue_FalseState,11182,Variable
OperationalGroupType_Signals_GasDilValveOpen_DiscreteInputValue_TrueState,11183,Variable
OperationalGroupType_Signals_InletValveOpen_DiscreteInputValue,11184,Variable
OperationalGroupType_Signals_InletValveOpen_DiscreteInputValue_FalseState,11185,Variable
OperationalGroupType_Signals_InletValveOpen_DiscreteInputValue_TrueState,11186,Variable
OperationalGroupType_Signals_NoRotation_DiscreteInputValue,11187,Variable
OperationalGroupType_Signals_NoRotation_DiscreteInputValue_FalseState,11188,Variable
OperationalGroupType_Signals_NoRotation_DiscreteInputValue_TrueState,11189,Variable
OperationalGroupType_Signals_OutletValveOpen_DiscreteInputValue,11190,Variable
OperationalGroupType_Signals_OutletValveOpen_DiscreteInputValue_FalseState,11191,Variable
OperationalGroupType_Signals_OutletValveOpen_DiscreteInputValue_TrueState,11192,Variable
OperationalGroupType_Signals_ProcessIsActive_DiscreteInputValue,11193,Variable
OperationalGroupType_Signals_ProcessIsActive_DiscreteInputValue_FalseState,11194,Variable
PortsGroupType_Drive_Placeholder_Category,11195,Variable
PortsGroupType_Drive_Placeholder_Direction,11196,Variable
PortsGroupType_Drive_Placeholder_IdCarrier,11197,Variable
OperationalGroupType_Signals_ProcessIsActive_DiscreteInputValue_TrueState,11198,Variable
OperationalGroupType_Signals_PumpActivation_DiscreteInputValue,11199,Variable
OperationalGroupType_Signals_PumpActivation_DiscreteInputValue_FalseState,11200,Variable
OperationalGroupType_Signals_PumpActivation_DiscreteInputValue_TrueState,11201,Variable
OperationalGroupType_Signals_PumpDirection_DiscreteInputValue,11202,Variable
OperationalGroupType_Signals_PumpDirection_DiscreteInputValue_FalseState,11203,Variable
OperationalGroupType_Signals_PumpDirection_DiscreteInputValue_TrueState,11204,Variable
OperationalGroupType_Signals_PumpOperation_DiscreteInputValue,11205,Variable
OperationalGroupType_Signals_PumpOperation_DiscreteInputValue_FalseState,11206,Variable
OperationalGroupType_Signals_PumpOperation_DiscreteInputValue_TrueState,11207,Variable
OperationalGroupType_Signals_PumpPowerMax_DiscreteInputValue,11208,Variable
OperationalGroupType_Signals_PumpPowerMax_DiscreteInputValue_FalseState,11209,Variable
OperationalGroupType_Signals_PumpPowerMax_DiscreteInputValue_TrueState,11210,Variable
OperationalGroupType_Signals_PumpSpeedMax_DiscreteInputValue,11211,Variable
OperationalGroupType_Signals_PumpSpeedMax_DiscreteInputValue_FalseState,11212,Variable
OperationalGroupType_Signals_PumpSpeedMax_DiscreteInputValue_TrueState,11213,Variable
OperationalGroupType_Signals_PumpSpeedMin_DiscreteInputValue,11214,Variable
OperationalGroupType_Signals_PumpSpeedMin_DiscreteInputValue_FalseState,11215,Variable
OperationalGroupType_Signals_PumpSpeedMin_DiscreteInputValue_TrueState,11216,Variable
OperationalGroupType_Signals_PurgeValveOpen_DiscreteInputValue,11217,Variable
OperationalGroupType_Signals_PurgeValveOpen_DiscreteInputValue_FalseState,11218,Variable
OperationalGroupType_Signals_PurgeValveOpen_DiscreteInputValue_TrueState,11219,Variable
OperationalGroupType_Signals_RatedSpeed_DiscreteInputValue,11220,Variable
OperationalGroupType_Signals_RatedSpeed_DiscreteInputValue_FalseState,11221,Variable
OperationalGroupType_Signals_RatedSpeed_DiscreteInputValue_TrueState,11222,Variable
OperationalGroupType_Signals_StandBy_DiscreteInputValue,11223,Variable
OperationalGroupType_Signals_StandBy_DiscreteInputValue_FalseState,11224,Variable
OperationalGroupType_Signals_StandBy_DiscreteInputValue_TrueState,11225,Variable
OperationalGroupType_Signals_StandBySpeed_DiscreteInputValue,11226,Variable
OperationalGroupType_Signals_StandBySpeed_DiscreteInputValue_FalseState,11227,Variable
OperationalGroupType_Signals_StandBySpeed_DiscreteInputValue_TrueState,11228,Variable
OperationalGroupType_Signals_TargetSpeed_DiscreteInputValue,11229,Variable
OperationalGroupType_Signals_TargetSpeed_DiscreteInputValue_FalseState,11230,Variable
OperationalGroupType_Signals_TargetSpeed_DiscreteInputValue_TrueState,11231,Variable
OperationalGroupType_Signals_VentValveOpen_DiscreteInputValue,11232,Variable
OperationalGroupType_Signals_VentValveOpen_DiscreteInputValue_FalseState,11233,Variable
OperationalGroupType_Signals_VentValveOpen_DiscreteInputValue_TrueState,11234,Variable
OperationalGroupType_ThrottleValveActuation_FaultAction,11235,Variable
OperationalGroupType_ThrottleValveActuation_FaultAction_FalseState,11236,Variable
OperationalGroupType_ThrottleValveActuation_FaultAction_TrueState,11237,Variable
OperationalGroupType_ThrottleValveActuation_FaultValue,11238,Variable
OperationalGroupType_ThrottleValveActuation_FeedbackVariable,11239,Variable
OperationalGroupType_ThrottleValveActuation_FeedbackVariable_EngineeringUnits,11240,Variable
OperationalGroupType_ThrottleValveActuation_ManipulatedValue,11241,Variable
OperationalGroupType_ThrottleValveActuation_OnOff,11242,Variable
OperationalGroupType_ThrottleValveActuation_OnOff_FalseState,11243,Variable
OperationalGroupType_ThrottleValveActuation_OnOff_TrueState,11244,Variable
OperationalGroupType_ThrottleValveActuation_ReferenceVariable,11245,Variable
OperationalGroupType_ThrottleValveActuation_ReferenceVariable_EngineeringUnits,11246,Variable
OperationalGroupType_ThrottleValveActuation_Status,11247,Variable
OperationalGroupType_ThrottleValveActuation_Status_FalseState,11248,Variable
OperationalGroupType_ThrottleValveActuation_Status_TrueState,11249,Variable
OperationalGroupType_BypassActuation_FaultAction,11250,Variable
OperationalGroupType_BypassActuation_FaultAction_FalseState,11251,Variable
OperationalGroupType_BypassActuation_FaultAction_TrueState,11252,Variable
OperationalGroupType_BypassActuation_FaultValue,11253,Variable
OperationalGroupType_BypassActuation_FeedbackVariable,11254,Variable
OperationalGroupType_BypassActuation_FeedbackVariable_EngineeringUnits,11255,Variable
OperationalGroupType_BypassActuation_ManipulatedValue,11256,Variable
OperationalGroupType_BypassActuation_OnOff,11257,Variable
OperationalGroupType_BypassActuation_OnOff_FalseState,11258,Variable
OperationalGroupType_BypassActuation_OnOff_TrueState,11259,Variable
OperationalGroupType_BypassActuation_ReferenceVariable,11260,Variable
OperationalGroupType_BypassActuation_ReferenceVariable_EngineeringUnits,11261,Variable
OperationalGroupType_BypassActuation_Status,11262,Variable
OperationalGroupType_BypassActuation_Status_FalseState,11263,Variable
OperationalGroupType_BypassActuation_Status_TrueState,11264,Variable
MeasurementsType_AmbientHumidity,11265,Variable
PumpType_Operational_Measurements_BackPressure_EngineeringUnits,11266,Variable
OperationalGroupType_MultiPump_DistributionPriority_Definition,11267,Variable
OperationalGroupType_MultiPump_DistributionType_Definition,11268,Variable
OperationalGroupType_MultiPump_ExchangeMode_Definition,11269,Variable
OperationalGroupType_MultiPump_ExchangeTime_Definition,11270,Variable
OperationalGroupType_MultiPump_ExchangeTimeDifference_Definition,11271,Variable
OperationalGroupType_MultiPump_ExchangeTimeDifference_EURange,11272,Variable
OperationalGroupType_MultiPump_MaximumNumberOfPumpsInOperation_Definition,11273,Variable
OperationalGroupType_MultiPump_MultiPumpOperationMode_Definition,11274,Variable
VibrationMeasurementType_S1XPhase,11275,Variable
PumpType_Operational_Measurements_BackPressure_EURange,11276,Variable
VibrationMeasurementType_S1XRelativeShaftVibrationP_P,11277,Variable
PumpType_Operational_Measurements_CoolantTemperature_EngineeringUnits,11278,Variable
VibrationMeasurementType_S2XPhase,11279,Variable
MeasurementsType_BackPressure_KindOfQuantity,11280,Variable
VibrationMeasurementType_S2XRelativeShaftVibrationP_P,11281,Variable
OperationalGroupType_Measurements_BackPressure_KindOfQuantity,11282,Variable
MeasurementsType_Vibration_Placeholder_S1XPhase,11283,Variable
PumpType_Operational_Measurements_BackPressure_KindOfQuantity,11284,Variable
MeasurementsType_Vibration_Placeholder_S1XRelativeShaftVibrationP_P,11285,Variable
MeasurementsType_BearingTemperature_Definition,11286,Variable
MeasurementsType_Vibration_Placeholder_S2XPhase,11287,Variable
MeasurementsType_BearingTemperature_EURange,11288,Variable
MeasurementsType_Vibration_Placeholder_S2XRelativeShaftVibrationP_P,11289,Variable
MeasurementsType_BearingTemperature_EngineeringUnits,11290,Variable
OperationalGroupType_Measurements_AmbientHumidity,11291,Variable
MeasurementsType_AmbientHumidity_Definition,11292,Variable
OperationalGroupType_MultiPump_NumberOfPumps_Definition,11293,Variable
OperationalGroupType_MultiPump_PumpCollectiveIDs_Definition,11294,Variable
OperationalGroupType_MultiPump_PumpRole_Definition,11295,Variable
OperationalGroupType_MultiPump_RedundantPumpIDs_Definition,11296,Variable
PumpType_Operational_MultiPump_DistributionPriority_Definition,11297,Variable
PumpType_Operational_MultiPump_DistributionType_Definition,11298,Variable
PumpType_Operational_MultiPump_ExchangeMode_Definition,11299,Variable
PumpType_Operational_MultiPump_ExchangeTime_Definition,11300,Variable
PumpType_Operational_BypassActuation_FaultAction,11301,Variable
PumpType_Operational_BypassActuation_FaultAction_FalseState,11302,Variable
PumpType_Operational_BypassActuation_FaultAction_TrueState,11303,Variable
PumpType_Operational_BypassActuation_FaultValue,11304,Variable
PumpType_Operational_BypassActuation_FeedbackVariable,11305,Variable
PumpType_Operational_BypassActuation_FeedbackVariable_EngineeringUnits,11306,Variable
PumpType_Operational_BypassActuation_ManipulatedValue,11307,Variable
PumpType_Operational_BypassActuation_OnOff,11308,Variable
PumpType_Operational_BypassActuation_OnOff_FalseState,11309,Variable
PumpType_Operational_BypassActuation_OnOff_TrueState,11310,Variable
PumpType_Operational_BypassActuation_ReferenceVariable,11311,Variable
PumpType_Operational_BypassActuation_ReferenceVariable_EngineeringUnits,11312,Variable
PumpType_Operational_BypassActuation_Status,11313,Variable
PumpType_Operational_BypassActuation_Status_FalseState,11314,Variable
PumpType_Operational_BypassActuation_Status_TrueState,11315,Variable
PumpType_Operational_Control_CommandVariable,11316,Variable
PumpType_Operational_Control_ControlDifferenceVariable,11317,Variable
PumpType_Operational_Control_ControlledVariable,11318,Variable
PumpType_Operational_Control_ControllerOutputVariable,11319,Variable
PumpType_Operational_Control_DeadTime,11320,Variable
PumpType_Operational_Control_DerivativeActionCoefficient,11321,Variable
PumpType_Operational_Control_FeedbackVariable,11322,Variable
PumpType_Operational_Control_FinalControlledVariable,11323,Variable
PumpType_Operational_Control_IntegralActionCoefficient,11324,Variable
PumpType_Operational_Control_ManipulatedVariable,11325,Variable
PumpType_Operational_Control_OperatingMode,11326,Variable
PumpType_Operational_Control_ProportionalActionCoefficient,11327,Variable
PumpType_Operational_Control_ReferenceVariable,11328,Variable
OperationalGroupType_Measurements_AmbientTemperature,11329,Variable
PumpType_Operational_Measurements_CoolantTemperature_EURange,11330,Variable
PumpType_Operational_MultiPump_ExchangeTimeDifference_Definition,11331,Variable
PumpType_Operational_MultiPump_ExchangeTimeDifference_EURange,11332,Variable
PumpType_Operational_MultiPump_MaximumNumberOfPumpsInOperation_Definition,11333,Variable
PumpType_Operational_MultiPump_MultiPumpOperationMode_Definition,11334,Variable
PumpType_Operational_MultiPump_NumberOfPumps_Definition,11335,Variable
PumpType_Operational_MultiPump_PumpCollectiveIDs_Definition,11336,Variable
PumpType_Operational_MultiPump_PumpRole_Definition,11337,Variable
PumpType_Operational_MultiPump_RedundantPumpIDs_Definition,11338,Variable
MeasurementsType_AmbientHumidity_EngineeringUnits,11339,Variable
OperationalGroupType_Measurements_AmbientHumidity_Definition,11340,Variable
OperationalGroupType_Measurements_AmbientHumidity_EngineeringUnits,11341,Variable
OperationalGroupType_Measurements_AxialLoadOfPumpRotor,11342,Variable
OperationalGroupType_Measurements_BearingTemperature_Definition,11343,Variable
OperationalGroupType_Measurements_AxialRotorPosition,11344,Variable
OperationalGroupType_Measurements_BearingTemperature_EngineeringUnits,11345,Variable
OperationalGroupType_Measurements_BackPressure,11346,Variable
OperationalGroupType_Measurements_BearingTemperature_EURange,11347,Variable
PumpType_Operational_MultiPump_DistributionPriority,11348,Variable
PumpType_Operational_MultiPump_DistributionType,11349,Variable
PumpType_Operational_MultiPump_ExchangeMode,11350,Variable
PumpType_Operational_MultiPump_ExchangeTime,11351,Variable
PumpType_Operational_MultiPump_ExchangeTimeDifference,11352,Variable
PumpType_Operational_MultiPump_ExchangeTimeDifference_EngineeringUnits,11353,Variable
PumpType_Operational_MultiPump_MaximumNumberOfPumpsInOperation,11354,Variable
PumpType_Operational_MultiPump_MultiPumpOperationMode,11355,Variable
PumpType_Operational_MultiPump_NumberOfPumps,11356,Variable
PumpType_Operational_MultiPump_PumpCollectiveIDs,11357,Variable
PumpType_Operational_MultiPump_PumpRole,11358,Variable
PumpType_Operational_MultiPump_RedundantPumpIDs,11359,Variable
PumpType_Operational_PumpActuation_ActualControlMode,11360,Variable
PumpType_Operational_PumpActuation_ActualOperationMode,11361,Variable
PumpType_Operational_PumpActuation_CleanValveRequest_DiscreteOutputValue,11362,Variable
PumpType_Operational_PumpActuation_CleanValveRequest_DiscreteOutputValue_FalseState,11363,Variable
PumpType_Operational_PumpActuation_CleanValveRequest_DiscreteOutputValue_TrueState,11364,Variable
PumpType_Operational_PumpActuation_ControlInversion,11365,Variable
PumpType_Operational_PumpActuation_ControlInversion_FalseState,11366,Variable
PumpType_Operational_PumpActuation_ControlInversion_TrueState,11367,Variable
PumpType_Operational_PumpActuation_Enable,11368,Variable
PumpType_Operational_PumpActuation_Enable_FalseState,11369,Variable
PumpType_Operational_PumpActuation_Enable_TrueState,11370,Variable
PumpType_Operational_PumpActuation_ExternalSignal,11371,Variable
PumpType_Operational_PumpActuation_ExternalSignal_FalseState,11372,Variable
PumpType_Operational_PumpActuation_ExternalSignal_TrueState,11373,Variable
PumpType_Maintenance_PreventiveMaintenance_ActivePreventiveMaintenanceTime_Definition,11374,Variable
PumpType_Maintenance_PreventiveMaintenance_ActivePreventiveMaintenanceTime_EngineeringUnits,11375,Variable
PumpType_Maintenance_PreventiveMaintenance_ActivePreventiveMaintenanceTime_EURange,11376,Variable
PumpType_Maintenance_PreventiveMaintenance_PreventiveMaintenanceTime_Definition,11377,Variable
PumpType_Maintenance_PreventiveMaintenance_PreventiveMaintenanceTime_EngineeringUnits,11378,Variable
PumpType_Maintenance_PreventiveMaintenance_PreventiveMaintenanceTime_EURange,11379,Variable
PumpType_Maintenance_PreventiveMaintenance_InstallationDate_Definition,11380,Variable
PumpType_Maintenance_PreventiveMaintenance_LastInspectionDate_Definition,11381,Variable
PumpType_Maintenance_PreventiveMaintenance_LastServicingDate_Definition,11382,Variable
PumpType_Maintenance_PreventiveMaintenance_NextInspectionDate_Definition,11383,Variable
PumpType_Maintenance_PreventiveMaintenance_NextServicingDate_Definition,11384,Variable
PumpType_Maintenance_BreakdownMaintenance_CorrectiveMaintenanceTime_Definition,11385,Variable
PumpType_Maintenance_BreakdownMaintenance_CorrectiveMaintenanceTime_EngineeringUnits,11386,Variable
PumpType_Maintenance_BreakdownMaintenance_CorrectiveMaintenanceTime_EURange,11387,Variable
PumpType_Maintenance_BreakdownMaintenance_Criticality_Definition,11388,Variable
PumpType_Documentation_Detail_MimeType,11389,Variable
PumpType_Maintenance_BreakdownMaintenance_Criticality_EURange,11390,Variable
PumpType_Maintenance_BreakdownMaintenance_NumberOfFailures_Definition,11391,Variable
PumpType_Documentation_Layout_MimeType,11392,Variable
PumpType_Maintenance_BreakdownMaintenance_NumberOfFailures_EURange,11393,Variable
PumpType_Maintenance_BreakdownMaintenance_Severity_Definition,11394,Variable
PumpType_Maintenance_BreakdownMaintenance_Failure_Definition,11395,Variable
PumpType_Events_SupervisionPumpOperation_AccessoryLiquidPressure,11396,Variable
PumpType_Events_SupervisionPumpOperation_AccessoryLiquidPressure_FalseState,11397,Variable
PumpType_Events_SupervisionPumpOperation_AccessoryLiquidPressure_TrueState,11398,Variable
SupervisionHardwareType_Communication_Definition,11399,Variable
PumpType_Events_SupervisionPumpOperation_AmbientTemperature,11400,Variable
PumpType_Events_SupervisionPumpOperation_AmbientTemperature_FalseState,11401,Variable
SupervisionHardwareType_ComputingCircuit_Definition,11402,Variable
PumpType_Events_SupervisionPumpOperation_AmbientTemperature_TrueState,11403,Variable
PumpType_Events_SupervisionPumpOperation_CaseOverheat,11404,Variable
SupervisionHardwareType_ControlCircuit_Definition,11405,Variable
PumpType_Events_SupervisionPumpOperation_CaseOverheat_FalseState,11406,Variable
PumpType_Events_SupervisionPumpOperation_CaseOverheat_TrueState,11407,Variable
SupervisionHardwareType_DCLinkSupply_Definition,11408,Variable
PumpType_Events_SupervisionPumpOperation_ControllerOverheat,11409,Variable
PumpType_Events_SupervisionPumpOperation_ControllerOverheat_FalseState,11410,Variable
SupervisionHardwareType_Eprom_Definition,11411,Variable
PumpType_Events_SupervisionPumpOperation_ControllerOverheat_TrueState,11412,Variable
PumpType_Events_SupervisionPumpOperation_ConverterOverheat,11413,Variable
SupervisionHardwareType_HardwareFault_Definition,11414,Variable
PumpType_Events_SupervisionPumpOperation_ConverterOverheat_FalseState,11415,Variable
PumpType_Events_SupervisionPumpOperation_ConverterOverheat_TrueState,11416,Variable
SupervisionHardwareType_IONA_Definition,11417,Variable
PumpType_Events_SupervisionPumpOperation_CoolantFlow,11418,Variable
PumpType_Events_SupervisionPumpOperation_CoolantFlow_FalseState,11419,Variable
SupervisionHardwareType_MeasureCircuit_Definition,11420,Variable
PumpType_Events_SupervisionPumpOperation_CoolantFlow_TrueState,11421,Variable
PumpType_Events_SupervisionPumpOperation_CoolantHigh,11422,Variable
SupervisionHardwareType_NetworkNA_Definition,11423,Variable
PumpType_Events_SupervisionPumpOperation_CoolantHigh_FalseState,11424,Variable
PumpType_Events_SupervisionPumpOperation_CoolantHigh_TrueState,11425,Variable
SupervisionHardwareType_PowerSupply_Definition,11426,Variable
PumpType_Events_SupervisionPumpOperation_CoolantLow,11427,Variable
PumpType_Events_SupervisionPumpOperation_CoolantLow_FalseState,11428,Variable
SupervisionHardwareType_Ram_Definition,11429,Variable
PumpType_Events_SupervisionPumpOperation_CoolantLow_TrueState,11430,Variable
PumpType_Events_SupervisionPumpOperation_CoolantOverheat,11431,Variable
SupervisionHardwareType_MicroProcessor_Definition,11432,Variable
PumpType_Events_SupervisionPumpOperation_CoolantOverheat_FalseState,11433,Variable
PumpType_Events_SupervisionPumpOperation_CoolantOverheat_TrueState,11434,Variable
OperationalGroupType_PumpActuation_InletValveRequest_DiscreteOutputValue_Definition,11435,Variable
OperationalGroupType_PumpActuation_InletValveRequest_FaultAction,11436,Variable
OperationalGroupType_PumpActuation_InletValveRequest_FaultAction_Definition,11437,Variable
OperationalGroupType_PumpActuation_InletValveRequest_FaultAction_FalseState,11438,Variable
OperationalGroupType_PumpActuation_InletValveRequest_FaultAction_TrueState,11439,Variable
OperationalGroupType_PumpActuation_InletValveRequest_FaultValue,11440,Variable
OperationalGroupType_PumpActuation_InletValveRequest_FaultValue_Definition,11441,Variable
OperationalGroupType_PumpActuation_InletValveRequest_FaultValue_FalseState,11442,Variable
OperationalGroupType_PumpActuation_InletValveRequest_FaultValue_TrueState,11443,Variable
OperationalGroupType_PumpActuation_InletValveRequest_OnOffCycle,11444,Variable
OperationalGroupType_PumpActuation_InletValveRequest_OnOffCycle_Definition,11445,Variable
OperationalGroupType_PumpActuation_InletValveRequest_OnOffCycle_EngineeringUnits,11446,Variable
OperationalGroupType_PumpActuation_InletValveRequest_OnOffCycle_EURange,11447,Variable
OperationalGroupType_PumpActuation_InletValveRequest_Status,11448,Variable
OperationalGroupType_PumpActuation_InletValveRequest_Status_Definition,11449,Variable
OperationalGroupType_PumpActuation_InletValveRequest_Status_FalseState,11450,Variable
OperationalGroupType_PumpActuation_InletValveRequest_Status_TrueState,11451,Variable
OperationalGroupType_PumpActuation_OutletValveRequest_DiscreteOutputValue_Definition,11452,Variable
OperationalGroupType_PumpActuation_OutletValveRequest_FaultAction,11453,Variable
OperationalGroupType_PumpActuation_OutletValveRequest_FaultAction_Definition,11454,Variable
OperationalGroupType_PumpActuation_OutletValveRequest_FaultAction_FalseState,11455,Variable
OperationalGroupType_PumpActuation_OutletValveRequest_FaultAction_TrueState,11456,Variable
OperationalGroupType_PumpActuation_OutletValveRequest_FaultValue,11457,Variable
OperationalGroupType_PumpActuation_OutletValveRequest_FaultValue_Definition,11458,Variable
OperationalGroupType_PumpActuation_OutletValveRequest_FaultValue_FalseState,11459,Variable
OperationalGroupType_PumpActuation_OutletValveRequest_FaultValue_TrueState,11460,Variable
OperationalGroupType_PumpActuation_OutletValveRequest_OnOffCycle,11461,Variable
OperationalGroupType_PumpActuation_OutletValveRequest_OnOffCycle_Definition,11462,Variable
OperationalGroupType_PumpActuation_OutletValveRequest_OnOffCycle_EngineeringUnits,11463,Variable
OperationalGroupType_PumpActuation_OutletValveRequest_OnOffCycle_EURange,11464,Variable
OperationalGroupType_PumpActuation_OutletValveRequest_Status,11465,Variable
OperationalGroupType_PumpActuation_OutletValveRequest_Status_Definition,11466,Variable
OperationalGroupType_PumpActuation_OutletValveRequest_Status_FalseState,11467,Variable
OperationalGroupType_PumpActuation_OutletValveRequest_Status_TrueState,11468,Variable
OperationalGroupType_PumpActuation_FlushValveRequest_DiscreteOutputValue_Definition,11469,Variable
OperationalGroupType_PumpActuation_FlushValveRequest_FaultAction,11470,Variable
OperationalGroupType_PumpActuation_FlushValveRequest_FaultAction_Definition,11471,Variable
OperationalGroupType_PumpActuation_FlushValveRequest_FaultAction_FalseState,11472,Variable
OperationalGroupType_PumpActuation_FlushValveRequest_FaultAction_TrueState,11473,Variable
OperationalGroupType_PumpActuation_FlushValveRequest_FaultValue,11474,Variable
OperationalGroupType_PumpActuation_FlushValveRequest_FaultValue_Definition,11475,Variable
OperationalGroupType_PumpActuation_FlushValveRequest_FaultValue_FalseState,11476,Variable
OperationalGroupType_PumpActuation_FlushValveRequest_FaultValue_TrueState,11477,Variable
OperationalGroupType_PumpActuation_FlushValveRequest_OnOffCycle,11478,Variable
OperationalGroupType_PumpActuation_FlushValveRequest_OnOffCycle_Definition,11479,Variable
OperationalGroupType_PumpActuation_FlushValveRequest_OnOffCycle_EngineeringUnits,11480,Variable
OperationalGroupType_PumpActuation_FlushValveRequest_OnOffCycle_EURange,11481,Variable
OperationalGroupType_PumpActuation_FlushValveRequest_Status,11482,Variable
OperationalGroupType_PumpActuation_FlushValveRequest_Status_Definition,11483,Variable
OperationalGroupType_PumpActuation_FlushValveRequest_Status_FalseState,11484,Variable
OperationalGroupType_PumpActuation_FlushValveRequest_Status_TrueState,11485,Variable
OperationalGroupType_PumpActuation_PurgeValveRequest_DiscreteOutputValue_Definition,11486,Variable
OperationalGroupType_PumpActuation_PurgeValveRequest_FaultAction,11487,Variable
OperationalGroupType_PumpActuation_PurgeValveRequest_FaultAction_Definition,11488,Variable
OperationalGroupType_PumpActuation_PurgeValveRequest_FaultAction_FalseState,11489,Variable
OperationalGroupType_PumpActuation_PurgeValveRequest_FaultAction_TrueState,11490,Variable
OperationalGroupType_PumpActuation_PurgeValveRequest_FaultValue,11491,Variable
OperationalGroupType_PumpActuation_PurgeValveRequest_FaultValue_Definition,11492,Variable
OperationalGroupType_PumpActuation_PurgeValveRequest_FaultValue_FalseState,11493,Variable
OperationalGroupType_PumpActuation_PurgeValveRequest_FaultValue_TrueState,11494,Variable
OperationalGroupType_PumpActuation_PurgeValveRequest_OnOffCycle,11495,Variable
OperationalGroupType_PumpActuation_PurgeValveRequest_OnOffCycle_Definition,11496,Variable
OperationalGroupType_PumpActuation_PurgeValveRequest_OnOffCycle_EngineeringUnits,11497,Variable
OperationalGroupType_PumpActuation_PurgeValveRequest_OnOffCycle_EURange,11498,Variable
OperationalGroupType_PumpActuation_PurgeValveRequest_Status,11499,Variable
OperationalGroupType_PumpActuation_PurgeValveRequest_Status_Definition,11500,Variable
OperationalGroupType_PumpActuation_PurgeValveRequest_Status_FalseState,11501,Variable
OperationalGroupType_PumpActuation_PurgeValveRequest_Status_TrueState,11502,Variable
OperationalGroupType_PumpActuation_CleanValveRequest_DiscreteOutputValue_Definition,11503,Variable
OperationalGroupType_PumpActuation_CleanValveRequest_FaultAction,11504,Variable
OperationalGroupType_PumpActuation_CleanValveRequest_FaultAction_Definition,11505,Variable
OperationalGroupType_PumpActuation_CleanValveRequest_FaultAction_FalseState,11506,Variable
OperationalGroupType_PumpActuation_CleanValveRequest_FaultAction_TrueState,11507,Variable
OperationalGroupType_PumpActuation_CleanValveRequest_FaultValue,11508,Variable
OperationalGroupType_PumpActuation_CleanValveRequest_FaultValue_Definition,11509,Variable
OperationalGroupType_PumpActuation_CleanValveRequest_FaultValue_FalseState,11510,Variable
OperationalGroupType_PumpActuation_CleanValveRequest_FaultValue_TrueState,11511,Variable
OperationalGroupType_PumpActuation_CleanValveRequest_OnOffCycle,11512,Variable
OperationalGroupType_PumpActuation_CleanValveRequest_OnOffCycle_Definition,11513,Variable
OperationalGroupType_PumpActuation_CleanValveRequest_OnOffCycle_EngineeringUnits,11514,Variable
OperationalGroupType_PumpActuation_CleanValveRequest_OnOffCycle_EURange,11515,Variable
OperationalGroupType_PumpActuation_CleanValveRequest_Status,11516,Variable
OperationalGroupType_PumpActuation_CleanValveRequest_Status_Definition,11517,Variable
OperationalGroupType_PumpActuation_CleanValveRequest_Status_FalseState,11518,Variable
OperationalGroupType_PumpActuation_CleanValveRequest_Status_TrueState,11519,Variable
OperationalGroupType_PumpActuation_GasDilValveRequest_DiscreteOutputValue_Definition,11520,Variable
OperationalGroupType_PumpActuation_GasDilValveRequest_FaultAction,11521,Variable
OperationalGroupType_PumpActuation_GasDilValveRequest_FaultAction_Definition,11522,Variable
OperationalGroupType_PumpActuation_GasDilValveRequest_FaultAction_FalseState,11523,Variable
OperationalGroupType_PumpActuation_GasDilValveRequest_FaultAction_TrueState,11524,Variable
OperationalGroupType_PumpActuation_GasDilValveRequest_FaultValue,11525,Variable
OperationalGroupType_PumpActuation_GasDilValveRequest_FaultValue_Definition,11526,Variable
OperationalGroupType_PumpActuation_GasDilValveRequest_FaultValue_FalseState,11527,Variable
OperationalGroupType_PumpActuation_GasDilValveRequest_FaultValue_TrueState,11528,Variable
OperationalGroupType_PumpActuation_GasDilValveRequest_OnOffCycle,11529,Variable
OperationalGroupType_PumpActuation_GasDilValveRequest_OnOffCycle_Definition,11530,Variable
OperationalGroupType_PumpActuation_GasDilValveRequest_OnOffCycle_EngineeringUnits,11531,Variable
OperationalGroupType_PumpActuation_GasDilValveRequest_OnOffCycle_EURange,11532,Variable
OperationalGroupType_PumpActuation_GasDilValveRequest_Status,11533,Variable
OperationalGroupType_PumpActuation_GasDilValveRequest_Status_Definition,11534,Variable
OperationalGroupType_PumpActuation_GasDilValveRequest_Status_FalseState,11535,Variable
OperationalGroupType_PumpActuation_GasDilValveRequest_Status_TrueState,11536,Variable
OperationalGroupType_PumpActuation_PumpStandByRequest_DiscreteOutputValue_Definition,11537,Variable
OperationalGroupType_PumpActuation_PumpStandByRequest_FaultAction,11538,Variable
OperationalGroupType_PumpActuation_PumpStandByRequest_FaultAction_Definition,11539,Variable
OperationalGroupType_PumpActuation_PumpStandByRequest_FaultAction_FalseState,11540,Variable
OperationalGroupType_PumpActuation_PumpStandByRequest_FaultAction_TrueState,11541,Variable
OperationalGroupType_PumpActuation_PumpStandByRequest_FaultValue,11542,Variable
OperationalGroupType_PumpActuation_PumpStandByRequest_FaultValue_Definition,11543,Variable
OperationalGroupType_PumpActuation_PumpStandByRequest_FaultValue_FalseState,11544,Variable
OperationalGroupType_PumpActuation_PumpStandByRequest_FaultValue_TrueState,11545,Variable
OperationalGroupType_PumpActuation_PumpStandByRequest_OnOffCycle,11546,Variable
OperationalGroupType_PumpActuation_PumpStandByRequest_OnOffCycle_Definition,11547,Variable
OperationalGroupType_PumpActuation_PumpStandByRequest_OnOffCycle_EngineeringUnits,11548,Variable
OperationalGroupType_PumpActuation_PumpStandByRequest_OnOffCycle_EURange,11549,Variable
OperationalGroupType_PumpActuation_PumpStandByRequest_Status,11550,Variable
OperationalGroupType_PumpActuation_PumpStandByRequest_Status_Definition,11551,Variable
OperationalGroupType_PumpActuation_PumpStandByRequest_Status_FalseState,11552,Variable
OperationalGroupType_PumpActuation_PumpStandByRequest_Status_TrueState,11553,Variable
OperationalGroupType_PumpActuation_VentValveRequest_DiscreteOutputValue_Definition,11554,Variable
OperationalGroupType_PumpActuation_VentValveRequest_FaultAction,11555,Variable
OperationalGroupType_PumpActuation_VentValveRequest_FaultAction_Definition,11556,Variable
OperationalGroupType_PumpActuation_VentValveRequest_FaultAction_FalseState,11557,Variable
OperationalGroupType_PumpActuation_VentValveRequest_FaultAction_TrueState,11558,Variable
OperationalGroupType_PumpActuation_VentValveRequest_FaultValue,11559,Variable
OperationalGroupType_PumpActuation_VentValveRequest_FaultValue_Definition,11560,Variable
OperationalGroupType_PumpActuation_VentValveRequest_FaultValue_FalseState,11561,Variable
OperationalGroupType_PumpActuation_VentValveRequest_FaultValue_TrueState,11562,Variable
OperationalGroupType_PumpActuation_VentValveRequest_OnOffCycle,11563,Variable
OperationalGroupType_PumpActuation_VentValveRequest_OnOffCycle_Definition,11564,Variable
OperationalGroupType_PumpActuation_VentValveRequest_OnOffCycle_EngineeringUnits,11565,Variable
OperationalGroupType_PumpActuation_VentValveRequest_OnOffCycle_EURange,11566,Variable
OperationalGroupType_PumpActuation_VentValveRequest_Status,11567,Variable
OperationalGroupType_PumpActuation_VentValveRequest_Status_Definition,11568,Variable
OperationalGroupType_PumpActuation_VentValveRequest_Status_FalseState,11569,Variable
OperationalGroupType_PumpActuation_VentValveRequest_Status_TrueState,11570,Variable
OperationalGroupType_PumpActuation_PumpKick_DiscreteOutputValue_Definition,11571,Variable
OperationalGroupType_PumpActuation_PumpKick_FaultAction,11572,Variable
OperationalGroupType_PumpActuation_PumpKick_FaultAction_Definition,11573,Variable
OperationalGroupType_PumpActuation_PumpKick_FaultAction_FalseState,11574,Variable
OperationalGroupType_PumpActuation_PumpKick_FaultAction_TrueState,11575,Variable
OperationalGroupType_PumpActuation_PumpKick_FaultValue,11576,Variable
OperationalGroupType_PumpActuation_PumpKick_FaultValue_Definition,11577,Variable
OperationalGroupType_PumpActuation_PumpKick_FaultValue_FalseState,11578,Variable
OperationalGroupType_PumpActuation_PumpKick_FaultValue_TrueState,11579,Variable
OperationalGroupType_PumpActuation_PumpKick_OnOffCycle,11580,Variable
OperationalGroupType_PumpActuation_PumpKick_OnOffCycle_Definition,11581,Variable
OperationalGroupType_PumpActuation_PumpKick_OnOffCycle_EngineeringUnits,11582,Variable
OperationalGroupType_PumpActuation_PumpKick_OnOffCycle_EURange,11583,Variable
OperationalGroupType_PumpActuation_PumpKick_PumpKickMode,11584,Variable
OperationalGroupType_PumpActuation_PumpKick_PumpKickMode_Definition,11585,Variable
OperationalGroupType_PumpActuation_PumpKick_PumpKickTime,11586,Variable
OperationalGroupType_PumpActuation_PumpKick_PumpKickTime_Definition,11587,Variable
OperationalGroupType_PumpActuation_PumpKick_PumpKickTimeDifference,11588,Variable
OperationalGroupType_PumpActuation_PumpKick_PumpKickTimeDifference_Definition,11589,Variable
OperationalGroupType_PumpActuation_PumpKick_PumpKickTimeDifference_EngineeringUnits,11590,Variable
OperationalGroupType_PumpActuation_PumpKick_PumpKickTimeDifference_EURange,11591,Variable
OperationalGroupType_PumpActuation_PumpKick_Status,11592,Variable
OperationalGroupType_PumpActuation_PumpKick_Status_Definition,11593,Variable
OperationalGroupType_PumpActuation_PumpKick_Status_FalseState,11594,Variable
OperationalGroupType_PumpActuation_PumpKick_Status_TrueState,11595,Variable
OperationalGroupType_PumpActuation_SetOperationMode_Definition,11596,Variable
OperationalGroupType_PumpActuation_ActualOperationMode_Definition,11597,Variable
OperationalGroupType_PumpActuation_ReverseRotatingDirection_Definition,11598,Variable
OperationalGroupType_PumpActuation_ActualControlMode_Definition,11599,Variable
OperationalGroupType_PumpActuation_SetControlMode_Definition,11600,Variable
OperationalGroupType_PumpActuation_ControlInversion_Definition,11601,Variable
OperationalGroupType_PumpActuation_ExternalSignal_Definition,11602,Variable
OperationalGroupType_PumpActuation_Enable_Definition,11603,Variable
OperationalGroupType_PumpActuation_OnOff_Definition,11604,Variable
OperationalGroupType_PumpActuation_Status_Definition,11605,Variable
OperationalGroupType_PumpActuation_FaultAction_Definition,11606,Variable
OperationalGroupType_PumpActuation_FaultValue_Definition,11607,Variable
OperationalGroupType_PumpActuation_FaultValue_EngineeringUnits,11608,Variable
OperationalGroupType_PumpActuation_FaultValue_EURange,11609,Variable
OperationalGroupType_PumpActuation_FeedbackVariable_Definition,11610,Variable
OperationalGroupType_PumpActuation_FeedbackVariable_EURange,11611,Variable
OperationalGroupType_PumpActuation_ReferenceVariable_Definition,11612,Variable
OperationalGroupType_PumpActuation_ReferenceVariable_EURange,11613,Variable
OperationalGroupType_PumpActuation_ManipulatedValue_Definition,11614,Variable
OperationalGroupType_PumpActuation_ManipulatedValue_EngineeringUnits,11615,Variable
OperationalGroupType_PumpActuation_ManipulatedValue_EURange,11616,Variable
OperationalGroupType_BypassActuation_OnOff_Definition,11617,Variable
OperationalGroupType_BypassActuation_Status_Definition,11618,Variable
OperationalGroupType_BypassActuation_FaultAction_Definition,11619,Variable
OperationalGroupType_BypassActuation_FaultValue_Definition,11620,Variable
OperationalGroupType_BypassActuation_FaultValue_EngineeringUnits,11621,Variable
OperationalGroupType_BypassActuation_FaultValue_EURange,11622,Variable
OperationalGroupType_BypassActuation_FeedbackVariable_Definition,11623,Variable
OperationalGroupType_BypassActuation_FeedbackVariable_EURange,11624,Variable
OperationalGroupType_BypassActuation_ReferenceVariable_Definition,11625,Variable
OperationalGroupType_BypassActuation_ReferenceVariable_EURange,11626,Variable
OperationalGroupType_BypassActuation_ManipulatedValue_Definition,11627,Variable
OperationalGroupType_BypassActuation_ManipulatedValue_EngineeringUnits,11628,Variable
OperationalGroupType_BypassActuation_ManipulatedValue_EURange,11629,Variable
OperationalGroupType_ThrottleValveActuation_OnOff_Definition,11630,Variable
OperationalGroupType_ThrottleValveActuation_Status_Definition,11631,Variable
OperationalGroupType_ThrottleValveActuation_FaultAction_Definition,11632,Variable
OperationalGroupType_ThrottleValveActuation_FaultValue_Definition,11633,Variable
OperationalGroupType_ThrottleValveActuation_FaultValue_EngineeringUnits,11634,Variable
OperationalGroupType_ThrottleValveActuation_FaultValue_EURange,11635,Variable
OperationalGroupType_ThrottleValveActuation_FeedbackVariable_Definition,11636,Variable
OperationalGroupType_ThrottleValveActuation_FeedbackVariable_EURange,11637,Variable
OperationalGroupType_ThrottleValveActuation_ReferenceVariable_Definition,11638,Variable
OperationalGroupType_ThrottleValveActuation_ReferenceVariable_EURange,11639,Variable
OperationalGroupType_ThrottleValveActuation_ManipulatedValue_Definition,11640,Variable
OperationalGroupType_ThrottleValveActuation_ManipulatedValue_EngineeringUnits,11641,Variable
OperationalGroupType_ThrottleValveActuation_ManipulatedValue_EURange,11642,Variable
PumpType_Operational_BypassActuation_OnOff_Definition,11643,Variable
PumpType_Operational_BypassActuation_Status_Definition,11644,Variable
PumpType_Operational_BypassActuation_FaultAction_Definition,11645,Variable
PumpType_Operational_BypassActuation_FaultValue_Definition,11646,Variable
PumpType_Operational_BypassActuation_FaultValue_EngineeringUnits,11647,Variable
PumpType_Operational_BypassActuation_FaultValue_EURange,11648,Variable
PumpType_Operational_BypassActuation_FeedbackVariable_Definition,11649,Variable
PumpType_Operational_BypassActuation_FeedbackVariable_EURange,11650,Variable
PumpType_Operational_BypassActuation_ReferenceVariable_Definition,11651,Variable
PumpType_Operational_BypassActuation_ReferenceVariable_EURange,11652,Variable
PumpType_Operational_BypassActuation_ManipulatedValue_Definition,11653,Variable
PumpType_Operational_BypassActuation_ManipulatedValue_EngineeringUnits,11654,Variable
PumpType_Operational_BypassActuation_ManipulatedValue_EURange,11655,Variable
PumpType_Operational_PumpActuation_CleanValveRequest_DiscreteOutputValue_Definition,11656,Variable
PumpType_Operational_PumpActuation_CleanValveRequest_FaultAction,11657,Variable
PumpType_Operational_PumpActuation_CleanValveRequest_FaultAction_Definition,11658,Variable
PumpType_Operational_PumpActuation_CleanValveRequest_FaultAction_FalseState,11659,Variable
PumpType_Operational_PumpActuation_CleanValveRequest_FaultAction_TrueState,11660,Variable
PumpType_Operational_PumpActuation_CleanValveRequest_FaultValue,11661,Variable
PumpType_Operational_PumpActuation_CleanValveRequest_FaultValue_Definition,11662,Variable
PumpType_Operational_PumpActuation_CleanValveRequest_FaultValue_FalseState,11663,Variable
PumpType_Operational_PumpActuation_CleanValveRequest_FaultValue_TrueState,11664,Variable
PumpType_Operational_PumpActuation_CleanValveRequest_OnOffCycle,11665,Variable
PumpType_Operational_PumpActuation_CleanValveRequest_OnOffCycle_Definition,11666,Variable
PumpType_Operational_PumpActuation_CleanValveRequest_OnOffCycle_EngineeringUnits,11667,Variable
PumpType_Operational_PumpActuation_CleanValveRequest_OnOffCycle_EURange,11668,Variable
PumpType_Operational_PumpActuation_CleanValveRequest_Status,11669,Variable
PumpType_Operational_PumpActuation_CleanValveRequest_Status_Definition,11670,Variable
PumpType_Operational_PumpActuation_CleanValveRequest_Status_FalseState,11671,Variable
PumpType_Operational_PumpActuation_CleanValveRequest_Status_TrueState,11672,Variable
PumpType_Operational_PumpActuation_ActualOperationMode_Definition,11673,Variable
PumpType_Operational_PumpActuation_ActualControlMode_Definition,11674,Variable
PumpType_Operational_PumpActuation_ControlInversion_Definition,11675,Variable
PumpType_Operational_PumpActuation_ExternalSignal_Definition,11676,Variable
PumpType_Operational_PumpActuation_Enable_Definition,11677,Variable
OperationalGroupType_Signals_Acceleration_DiscreteInputValue_Definition,11678,Variable
OperationalGroupType_Signals_CleanValveOpen_DiscreteInputValue_Definition,11679,Variable
OperationalGroupType_Signals_Deceleration_DiscreteInputValue_Definition,11680,Variable
OperationalGroupType_Signals_FlushValveOpen_DiscreteInputValue_Definition,11681,Variable
OperationalGroupType_Signals_GasDilValveOpen_DiscreteInputValue_Definition,11682,Variable
OperationalGroupType_Signals_InletValveOpen_DiscreteInputValue_Definition,11683,Variable
OperationalGroupType_Signals_NoRotation_DiscreteInputValue_Definition,11684,Variable
OperationalGroupType_Signals_OutletValveOpen_DiscreteInputValue_Definition,11685,Variable
OperationalGroupType_Signals_ProcessIsActive_DiscreteInputValue_Definition,11686,Variable
OperationalGroupType_Signals_PumpActivation_DiscreteInputValue_Definition,11687,Variable
OperationalGroupType_Signals_PumpDirection_DiscreteInputValue_Definition,11688,Variable
OperationalGroupType_Signals_PumpOperation_DiscreteInputValue_Definition,11689,Variable
OperationalGroupType_Signals_PumpPowerMax_DiscreteInputValue_Definition,11690,Variable
OperationalGroupType_Signals_PumpSpeedMax_DiscreteInputValue_Definition,11691,Variable
OperationalGroupType_Signals_PumpSpeedMin_DiscreteInputValue_Definition,11692,Variable
OperationalGroupType_Signals_PurgeValveOpen_DiscreteInputValue_Definition,11693,Variable
OperationalGroupType_Signals_RatedSpeed_DiscreteInputValue_Definition,11694,Variable
OperationalGroupType_Signals_StandBy_DiscreteInputValue_Definition,11695,Variable
OperationalGroupType_Signals_StandBySpeed_DiscreteInputValue_Definition,11696,Variable
OperationalGroupType_Signals_TargetSpeed_DiscreteInputValue_Definition,11697,Variable
OperationalGroupType_Signals_VentValveOpen_DiscreteInputValue_Definition,11698,Variable
PortsGroupType_Drive_Placeholder_Measurements_Current_Definition,11699,Variable
PortsGroupType_Drive_Placeholder_Measurements_Current_EngineeringUnits,11700,Variable
PortsGroupType_Drive_Placeholder_Measurements_Current_EURange,11701,Variable
PortsGroupType_Drive_Placeholder_Measurements_DCLinkCurrent_Definition,11702,Variable
PortsGroupType_Drive_Placeholder_Measurements_DCLinkCurrent_EngineeringUnits,11703,Variable
PortsGroupType_Drive_Placeholder_Measurements_DCLinkCurrent_EURange,11704,Variable
PortsGroupType_Drive_Placeholder_Measurements_DCLinkVoltage_Definition,11705,Variable
PortsGroupType_Drive_Placeholder_Measurements_DCLinkVoltage_EngineeringUnits,11706,Variable
PortsGroupType_Drive_Placeholder_Measurements_DCLinkVoltage_EURange,11707,Variable
PortsGroupType_Drive_Placeholder_Measurements_DriverPowerInput_Definition,11708,Variable
PortsGroupType_Drive_Placeholder_Measurements_DriverPowerInput_EngineeringUnits,11709,Variable
PortsGroupType_Drive_Placeholder_Measurements_DriverPowerInput_EURange,11710,Variable
PortsGroupType_Drive_Placeholder_Measurements_EnergyConsumption_Definition,11711,Variable
PortsGroupType_Drive_Placeholder_Measurements_EnergyConsumption_EngineeringUnits,11712,Variable
PortsGroupType_Drive_Placeholder_Measurements_EnergyConsumption_EURange,11713,Variable
PortsGroupType_Drive_Placeholder_Measurements_Frequency_Definition,11714,Variable
PortsGroupType_Drive_Placeholder_Measurements_Frequency_EngineeringUnits,11715,Variable
PortsGroupType_Drive_Placeholder_Measurements_Frequency_EURange,11716,Variable
PortsGroupType_Drive_Placeholder_Measurements_MotorCurrent_Definition,11717,Variable
PortsGroupType_Drive_Placeholder_Measurements_MotorCurrent_EngineeringUnits,11718,Variable
PortsGroupType_Drive_Placeholder_Measurements_MotorCurrent_EURange,11719,Variable
PortsGroupType_Drive_Placeholder_Measurements_MotorEfficiency_Definition,11720,Variable
PortsGroupType_Drive_Placeholder_Measurements_MotorEfficiency_EngineeringUnits,11721,Variable
PortsGroupType_Drive_Placeholder_Measurements_MotorEfficiency_EURange,11722,Variable
PortsGroupType_Drive_Placeholder_Measurements_MotorTemperature_Definition,11723,Variable
PortsGroupType_Drive_Placeholder_Measurements_MotorTemperature_EngineeringUnits,11724,Variable
PortsGroupType_Drive_Placeholder_Measurements_MotorTemperature_EURange,11725,Variable
PortsGroupType_Drive_Placeholder_Measurements_MotorVoltage_Definition,11726,Variable
PortsGroupType_Drive_Placeholder_Measurements_MotorVoltage_EngineeringUnits,11727,Variable
PortsGroupType_Drive_Placeholder_Measurements_MotorVoltage_EURange,11728,Variable
PortsGroupType_Drive_Placeholder_Measurements_PowerFactor_Definition,11729,Variable
PortsGroupType_Drive_Placeholder_Measurements_PowerFactor_EngineeringUnits,11730,Variable
PortsGroupType_Drive_Placeholder_Measurements_PowerFactor_EURange,11731,Variable
PortsGroupType_Drive_Placeholder_Measurements_Torque_Definition,11732,Variable
PortsGroupType_Drive_Placeholder_Measurements_Torque_EngineeringUnits,11733,Variable
PortsGroupType_Drive_Placeholder_Measurements_Torque_EURange,11734,Variable
PortsGroupType_Drive_Placeholder_Measurements_Voltage_Definition,11735,Variable
PortsGroupType_Drive_Placeholder_Measurements_Voltage_EngineeringUnits,11736,Variable
PortsGroupType_Drive_Placeholder_Measurements_Voltage_EURange,11737,Variable
PortsGroupType_Drive_Placeholder_Direction_Definition,11738,Variable
PortsGroupType_Drive_Placeholder_Category_Definition,11739,Variable
PortsGroupType_Drive_Placeholder_IdCarrier_Definition,11740,Variable
PortsGroupType_InletConnection_Placeholder_Design_CriticalBackingPressure_Definition,11741,Variable
PortsGroupType_InletConnection_Placeholder_Design_CriticalBackingPressure_EngineeringUnits,11742,Variable
PortsGroupType_InletConnection_Placeholder_Design_CriticalBackingPressure_EURange,11743,Variable
PortsGroupType_InletConnection_Placeholder_Design_InletAreaOfThePump_Definition,11744,Variable
PortsGroupType_InletConnection_Placeholder_Design_InletAreaOfThePump_EngineeringUnits,11745,Variable
PortsGroupType_InletConnection_Placeholder_Design_InletAreaOfThePump_EURange,11746,Variable
PortsGroupType_InletConnection_Placeholder_Design_MaximumAllowableInletPressure_Definition,11747,Variable
PortsGroupType_InletConnection_Placeholder_Design_MaximumAllowableInletPressure_EngineeringUnits,11748,Variable
PortsGroupType_InletConnection_Placeholder_Design_MaximumAllowableInletPressure_EURange,11749,Variable
PortsGroupType_InletConnection_Placeholder_Design_MaximumTolerableWaterVaporInletPressure_Definition,11750,Variable
PortsGroupType_InletConnection_Placeholder_Design_MaximumTolerableWaterVaporInletPressure_EngineeringUnits,11751,Variable
PortsGroupType_InletConnection_Placeholder_Design_MaximumTolerableWaterVaporInletPressure_EURange,11752,Variable
PortsGroupType_InletConnection_Placeholder_Design_MaximumWorkingPressure_Definition,11753,Variable
PortsGroupType_InletConnection_Placeholder_Design_MaximumWorkingPressure_EngineeringUnits,11754,Variable
PortsGroupType_InletConnection_Placeholder_Design_MaximumWorkingPressure_EURange,11755,Variable
PortsGroupType_InletConnection_Placeholder_Design_MinimumAllowableInletPressure_Definition,11756,Variable
PortsGroupType_InletConnection_Placeholder_Design_MinimumAllowableInletPressure_EngineeringUnits,11757,Variable
PortsGroupType_InletConnection_Placeholder_Design_MinimumAllowableInletPressure_EURange,11758,Variable
PortsGroupType_InletConnection_Placeholder_Design_NetPositiveInletPressureRequired_Definition,11759,Variable
PortsGroupType_InletConnection_Placeholder_Design_NetPositiveInletPressureRequired_EngineeringUnits,11760,Variable
PortsGroupType_InletConnection_Placeholder_Design_NetPositiveInletPressureRequired_EURange,11761,Variable
PortsGroupType_InletConnection_Placeholder_Design_NominalPressure_Definition,11762,Variable
PortsGroupType_InletConnection_Placeholder_Design_WaterVaporCapacity_Definition,11763,Variable
PortsGroupType_InletConnection_Placeholder_Design_WaterVaporCapacity_EngineeringUnits,11764,Variable
PortsGroupType_InletConnection_Placeholder_Design_WaterVaporCapacity_EURange,11765,Variable
PortsGroupType_InletConnection_Placeholder_Implementation_HeightOfTheInletConnection_Definition,11766,Variable
PortsGroupType_InletConnection_Placeholder_Implementation_HeightOfTheInletConnection_EngineeringUnits,11767,Variable
PortsGroupType_InletConnection_Placeholder_Implementation_HeightOfTheInletConnection_EURange,11768,Variable
PortsGroupType_InletConnection_Placeholder_Implementation_MeanRatedVelocityAtInlet_Definition,11769,Variable
PortsGroupType_InletConnection_Placeholder_Implementation_MeanRatedVelocityAtInlet_EngineeringUnits,11770,Variable
PortsGroupType_InletConnection_Placeholder_Implementation_MeanRatedVelocityAtInlet_EURange,11771,Variable
PortsGroupType_InletConnection_Placeholder_Implementation_NominalSize_Definition,11772,Variable
PortsGroupType_InletConnection_Placeholder_Implementation_RatedInletPressure_Definition,11773,Variable
PortsGroupType_InletConnection_Placeholder_Implementation_RatedInletPressure_EngineeringUnits,11774,Variable
PortsGroupType_InletConnection_Placeholder_Implementation_RatedInletPressure_EURange,11775,Variable
PortsGroupType_InletConnection_Placeholder_Implementation_TotalHeadAtInletAreaOfThePump_Definition,11776,Variable
PortsGroupType_InletConnection_Placeholder_Implementation_TotalHeadAtInletAreaOfThePump_EngineeringUnits,11777,Variable
PortsGroupType_InletConnection_Placeholder_Implementation_TotalHeadAtInletAreaOfThePump_EURange,11778,Variable
PortsGroupType_InletConnection_Placeholder_Measurements_InletTemperatureOfThePump_Definition,11779,Variable
PortsGroupType_InletConnection_Placeholder_Measurements_InletTemperatureOfThePump_EngineeringUnits,11780,Variable
PortsGroupType_InletConnection_Placeholder_Measurements_InletTemperatureOfThePump_EURange,11781,Variable
PortsGroupType_InletConnection_Placeholder_Measurements_MeanVelocityAtInlet_Definition,11782,Variable
PortsGroupType_InletConnection_Placeholder_Measurements_MeanVelocityAtInlet_EngineeringUnits,11783,Variable
PortsGroupType_InletConnection_Placeholder_Measurements_MeanVelocityAtInlet_EURange,11784,Variable
PortsGroupType_InletConnection_Placeholder_SystemRequirements_InletPressure_Definition,11785,Variable
PortsGroupType_InletConnection_Placeholder_SystemRequirements_InletPressure_EngineeringUnits,11786,Variable
PortsGroupType_InletConnection_Placeholder_SystemRequirements_InletPressure_EURange,11787,Variable
PortsGroupType_OutletConnection_Placeholder_Design_MaximumAllowableOutletPressure_Definition,11788,Variable
PortsGroupType_OutletConnection_Placeholder_Design_MaximumAllowableOutletPressure_EngineeringUnits,11789,Variable
PortsGroupType_OutletConnection_Placeholder_Design_MaximumAllowableOutletPressure_EURange,11790,Variable
PortsGroupType_OutletConnection_Placeholder_Design_MinimumAllowableOutetPressure_Definition,11791,Variable
PortsGroupType_OutletConnection_Placeholder_Design_MinimumAllowableOutetPressure_EngineeringUnits,11792,Variable
PortsGroupType_OutletConnection_Placeholder_Design_MinimumAllowableOutetPressure_EURange,11793,Variable
PortsGroupType_OutletConnection_Placeholder_Design_NominalPressure_Definition,11794,Variable
PortsGroupType_OutletConnection_Placeholder_Design_OutletAreaOfThePump_Definition,11795,Variable
PortsGroupType_OutletConnection_Placeholder_Design_OutletAreaOfThePump_EngineeringUnits,11796,Variable
PortsGroupType_OutletConnection_Placeholder_Design_OutletAreaOfThePump_EURange,11797,Variable
PortsGroupType_OutletConnection_Placeholder_Design_ReliefValveAccumulationPressure_Definition,11798,Variable
PortsGroupType_OutletConnection_Placeholder_Design_ReliefValveAccumulationPressure_EngineeringUnits,11799,Variable
PortsGroupType_OutletConnection_Placeholder_Design_ReliefValveAccumulationPressure_EURange,11800,Variable
PortsGroupType_OutletConnection_Placeholder_Design_ReliefValveBackPressure_Definition,11801,Variable
PortsGroupType_OutletConnection_Placeholder_Design_ReliefValveBackPressure_EngineeringUnits,11802,Variable
PortsGroupType_OutletConnection_Placeholder_Design_ReliefValveBackPressure_EURange,11803,Variable
PortsGroupType_OutletConnection_Placeholder_Design_ReliefValveReseatPressure_Definition,11804,Variable
PortsGroupType_OutletConnection_Placeholder_Design_ReliefValveReseatPressure_EngineeringUnits,11805,Variable
PortsGroupType_OutletConnection_Placeholder_Design_ReliefValveReseatPressure_EURange,11806,Variable
PortsGroupType_OutletConnection_Placeholder_Design_ReliefValveSetPressure_Definition,11807,Variable
PortsGroupType_OutletConnection_Placeholder_Design_ReliefValveSetPressure_EngineeringUnits,11808,Variable
PortsGroupType_OutletConnection_Placeholder_Design_ReliefValveSetPressure_EURange,11809,Variable
PortsGroupType_OutletConnection_Placeholder_Implementation_HeightOfTheOutletConnection_Definition,11810,Variable
PortsGroupType_OutletConnection_Placeholder_Implementation_HeightOfTheOutletConnection_EngineeringUnits,11811,Variable
PortsGroupType_OutletConnection_Placeholder_Implementation_HeightOfTheOutletConnection_EURange,11812,Variable
PortsGroupType_OutletConnection_Placeholder_Implementation_MeanRatedVelocityAtOutlet_Definition,11813,Variable
PortsGroupType_OutletConnection_Placeholder_Implementation_MeanRatedVelocityAtOutlet_EngineeringUnits,11814,Variable
PortsGroupType_OutletConnection_Placeholder_Implementation_MeanRatedVelocityAtOutlet_EURange,11815,Variable
PortsGroupType_OutletConnection_Placeholder_Implementation_NominalSize_Definition,11816,Variable
PortsGroupType_OutletConnection_Placeholder_Implementation_RatedOutletPressure_Definition,11817,Variable
PortsGroupType_OutletConnection_Placeholder_Implementation_RatedOutletPressure_EngineeringUnits,11818,Variable
PortsGroupType_OutletConnection_Placeholder_Implementation_RatedOutletPressure_EURange,11819,Variable
PortsGroupType_OutletConnection_Placeholder_Implementation_TotalHeadAtOutletAreaOfThePump_Definition,11820,Variable
PortsGroupType_OutletConnection_Placeholder_Implementation_TotalHeadAtOutletAreaOfThePump_EngineeringUnits,11821,Variable
PortsGroupType_OutletConnection_Placeholder_Implementation_TotalHeadAtOutletAreaOfThePump_EURange,11822,Variable
PortsGroupType_OutletConnection_Placeholder_Measurements_MeanVelocityAtOutlet_Definition,11823,Variable
PortsGroupType_OutletConnection_Placeholder_Measurements_MeanVelocityAtOutlet_EngineeringUnits,11824,Variable
PortsGroupType_OutletConnection_Placeholder_Measurements_MeanVelocityAtOutlet_EURange,11825,Variable
PortsGroupType_OutletConnection_Placeholder_Measurements_OutletTemperatureOfThePump_Definition,11826,Variable
PortsGroupType_OutletConnection_Placeholder_Measurements_OutletTemperatureOfThePump_EngineeringUnits,11827,Variable
PortsGroupType_OutletConnection_Placeholder_Measurements_OutletTemperatureOfThePump_EURange,11828,Variable
PortsGroupType_OutletConnection_Placeholder_SystemRequirements_BackingPressure_Definition,11829,Variable
PortsGroupType_OutletConnection_Placeholder_SystemRequirements_BackingPressure_EngineeringUnits,11830,Variable
PortsGroupType_OutletConnection_Placeholder_SystemRequirements_BackingPressure_EURange,11831,Variable
PortsGroupType_OutletConnection_Placeholder_Direction_Definition,11832,Variable
PortsGroupType_OutletConnection_Placeholder_Category_Definition,11833,Variable
PortsGroupType_OutletConnection_Placeholder_IdCarrier_Definition,11834,Variable
PumpType_Ports_Drive_Placeholder_Design_ProtectionClass,11835,Variable
PumpType_Ports_Drive_Placeholder_Design_ProtectionClass_Definition,11836,Variable
PumpType_Ports_Drive_Placeholder_Design_EnergyEfficiencyClassOfMotor,11837,Variable
PumpType_Ports_Drive_Placeholder_Design_EnergyEfficiencyClassOfMotor_Definition,11838,Variable
PumpType_Ports_Drive_Placeholder_Design_MaxNominalFrequency,11839,Variable
PumpType_Ports_Drive_Placeholder_Design_MaxNominalFrequency_Definition,11840,Variable
PumpType_Ports_Drive_Placeholder_Design_MaxNominalFrequency_EngineeringUnits,11841,Variable
PumpType_Ports_Drive_Placeholder_Design_MaxNominalFrequency_EURange,11842,Variable
PumpType_Ports_Drive_Placeholder_Design_MinNominalFrequency,11843,Variable
PumpType_Ports_Drive_Placeholder_Design_MinNominalFrequency_Definition,11844,Variable
PumpType_Ports_Drive_Placeholder_Design_MinNominalFrequency_EngineeringUnits,11845,Variable
PumpType_Ports_Drive_Placeholder_Design_MinNominalFrequency_EURange,11846,Variable
PumpType_Ports_Drive_Placeholder_Design_MotorEfficiency,11847,Variable
PumpType_Ports_Drive_Placeholder_Design_MotorEfficiency_Definition,11848,Variable
PumpType_Ports_Drive_Placeholder_Design_MotorEfficiency_EngineeringUnits,11849,Variable
PumpType_Ports_Drive_Placeholder_Design_MotorEfficiency_EURange,11850,Variable
PumpType_Ports_Drive_Placeholder_Design_NominalFrequency,11851,Variable
PumpType_Ports_Drive_Placeholder_Design_NominalFrequency_Definition,11852,Variable
PumpType_Ports_Drive_Placeholder_Design_NominalFrequency_EngineeringUnits,11853,Variable
PumpType_Ports_Drive_Placeholder_Design_NominalFrequency_EURange,11854,Variable
PumpType_Ports_Drive_Placeholder_Design_NominalPowerConsumption,11855,Variable
PumpType_Ports_Drive_Placeholder_Design_NominalPowerConsumption_Definition,11856,Variable
PumpType_Ports_Drive_Placeholder_Design_NominalPowerConsumption_EngineeringUnits,11857,Variable
PumpType_Ports_Drive_Placeholder_Design_NominalPowerConsumption_EURange,11858,Variable
MeasurementsType_AxialRotorPosition,11859,Variable
MeasurementsType_Density_Definition,11860,Variable
PumpType_Ports_Drive_Placeholder_Design_NominalVoltage,11861,Variable
PumpType_Ports_Drive_Placeholder_Design_NominalVoltage_Definition,11862,Variable
PumpType_Ports_Drive_Placeholder_Design_NominalVoltage_EngineeringUnits,11863,Variable
PumpType_Ports_Drive_Placeholder_Design_NominalVoltage_EURange,11864,Variable
PumpType_Ports_Drive_Placeholder_Design_PowerFactor,11865,Variable
PumpType_Ports_Drive_Placeholder_Design_PowerFactor_Definition,11866,Variable
PumpType_Ports_Drive_Placeholder_Design_PowerFactor_EngineeringUnits,11867,Variable
PumpType_Ports_Drive_Placeholder_Design_PowerFactor_EURange,11868,Variable
PumpType_Ports_Drive_Placeholder_Design_RatedCurrent,11869,Variable
PumpType_Ports_Drive_Placeholder_Design_RatedCurrent_Definition,11870,Variable
PumpType_Ports_Drive_Placeholder_Design_RatedCurrent_EngineeringUnits,11871,Variable
PumpType_Ports_Drive_Placeholder_Design_RatedCurrent_EURange,11872,Variable
PumpType_Ports_Drive_Placeholder_Design_RatedSpeed,11873,Variable
PumpType_Ports_Drive_Placeholder_Design_RatedSpeed_Definition,11874,Variable
PumpType_Ports_Drive_Placeholder_Design_RatedSpeed_EngineeringUnits,11875,Variable
PumpType_Ports_Drive_Placeholder_Design_RatedSpeed_EURange,11876,Variable
PumpType_Ports_Drive_Placeholder_Design_TorqueAtNominalSpeedOfDrive,11877,Variable
PumpType_Ports_Drive_Placeholder_Design_TorqueAtNominalSpeedOfDrive_Definition,11878,Variable
PumpType_Ports_Drive_Placeholder_Design_TorqueAtNominalSpeedOfDrive_EngineeringUnits,11879,Variable
PumpType_Ports_Drive_Placeholder_Design_TorqueAtNominalSpeedOfDrive_EURange,11880,Variable
PumpType_Ports_Drive_Placeholder_Measurements_Current,11881,Variable
PumpType_Ports_Drive_Placeholder_Measurements_Current_Definition,11882,Variable
PumpType_Ports_Drive_Placeholder_Measurements_Current_EngineeringUnits,11883,Variable
PumpType_Ports_Drive_Placeholder_Measurements_Current_EURange,11884,Variable
PumpType_Operational_Measurements_BearingTemperature_Definition,11885,Variable
PumpType_Ports_Drive_Placeholder_Measurements_DCLinkCurrent,11886,Variable
PumpType_Ports_Drive_Placeholder_Measurements_DCLinkCurrent_Definition,11887,Variable
PumpType_Ports_Drive_Placeholder_Measurements_DCLinkCurrent_EngineeringUnits,11888,Variable
PumpType_Ports_Drive_Placeholder_Measurements_DCLinkCurrent_EURange,11889,Variable
PumpType_Operational_Measurements_BearingTemperature_EngineeringUnits,11890,Variable
PumpType_Ports_Drive_Placeholder_Measurements_DCLinkVoltage,11891,Variable
PumpType_Ports_Drive_Placeholder_Measurements_DCLinkVoltage_Definition,11892,Variable
PumpType_Ports_Drive_Placeholder_Measurements_DCLinkVoltage_EngineeringUnits,11893,Variable
PumpType_Ports_Drive_Placeholder_Measurements_DCLinkVoltage_EURange,11894,Variable
PumpType_Operational_Measurements_BearingTemperature_EURange,11895,Variable
PumpType_Ports_Drive_Placeholder_Measurements_DriverPowerInput,11896,Variable
PumpType_Ports_Drive_Placeholder_Measurements_DriverPowerInput_Definition,11897,Variable
PumpType_Ports_Drive_Placeholder_Measurements_DriverPowerInput_EngineeringUnits,11898,Variable
PumpType_Ports_Drive_Placeholder_Measurements_DriverPowerInput_EURange,11899,Variable
MeasurementsType_Density_EURange,11900,Variable
PumpType_Ports_Drive_Placeholder_Measurements_EnergyConsumption,11901,Variable
PumpType_Ports_Drive_Placeholder_Measurements_EnergyConsumption_Definition,11902,Variable
PumpType_Ports_Drive_Placeholder_Measurements_EnergyConsumption_EngineeringUnits,11903,Variable
PumpType_Ports_Drive_Placeholder_Measurements_EnergyConsumption_EURange,11904,Variable
MeasurementsType_BearingTemperature_KindOfQuantity,11905,Variable
PumpType_Ports_Drive_Placeholder_Measurements_Frequency,11906,Variable
PumpType_Ports_Drive_Placeholder_Measurements_Frequency_Definition,11907,Variable
PumpType_Ports_Drive_Placeholder_Measurements_Frequency_EngineeringUnits,11908,Variable
PumpType_Ports_Drive_Placeholder_Measurements_Frequency_EURange,11909,Variable
OperationalGroupType_Measurements_BearingTemperature_KindOfQuantity,11910,Variable
PumpType_Ports_Drive_Placeholder_Measurements_MotorCurrent,11911,Variable
PumpType_Ports_Drive_Placeholder_Measurements_MotorCurrent_Definition,11912,Variable
PumpType_Ports_Drive_Placeholder_Measurements_MotorCurrent_EngineeringUnits,11913,Variable
PumpType_Ports_Drive_Placeholder_Measurements_MotorCurrent_EURange,11914,Variable
PumpType_Operational_Measurements_BearingTemperature_KindOfQuantity,11915,Variable
PumpType_Ports_Drive_Placeholder_Measurements_MotorEfficiency,11916,Variable
PumpType_Ports_Drive_Placeholder_Measurements_MotorEfficiency_Definition,11917,Variable
PumpType_Ports_Drive_Placeholder_Measurements_MotorEfficiency_EngineeringUnits,11918,Variable
PumpType_Ports_Drive_Placeholder_Measurements_MotorEfficiency_EURange,11919,Variable
MeasurementsType_ClearanceFlow_Definition,11920,Variable
PumpType_Ports_Drive_Placeholder_Measurements_MotorTemperature,11921,Variable
PumpType_Ports_Drive_Placeholder_Measurements_MotorTemperature_Definition,11922,Variable
PumpType_Ports_Drive_Placeholder_Measurements_MotorTemperature_EngineeringUnits,11923,Variable
PumpType_Ports_Drive_Placeholder_Measurements_MotorTemperature_EURange,11924,Variable
MeasurementsType_ClearanceFlow_EURange,11925,Variable
PumpType_Ports_Drive_Placeholder_Measurements_MotorVoltage,11926,Variable
PumpType_Ports_Drive_Placeholder_Measurements_MotorVoltage_Definition,11927,Variable
PumpType_Ports_Drive_Placeholder_Measurements_MotorVoltage_EngineeringUnits,11928,Variable
PumpType_Ports_Drive_Placeholder_Measurements_MotorVoltage_EURange,11929,Variable
MeasurementsType_ClearanceFlow_EngineeringUnits,11930,Variable
PumpType_Ports_Drive_Placeholder_Measurements_PowerFactor,11931,Variable
PumpType_Ports_Drive_Placeholder_Measurements_PowerFactor_Definition,11932,Variable
PumpType_Ports_Drive_Placeholder_Measurements_PowerFactor_EngineeringUnits,11933,Variable
PumpType_Ports_Drive_Placeholder_Measurements_PowerFactor_EURange,11934,Variable
MeasurementsType_Density_EngineeringUnits,11935,Variable
PumpType_Ports_Drive_Placeholder_Measurements_Torque,11936,Variable
PumpType_Ports_Drive_Placeholder_Measurements_Torque_Definition,11937,Variable
PumpType_Ports_Drive_Placeholder_Measurements_Torque_EngineeringUnits,11938,Variable
PumpType_Ports_Drive_Placeholder_Measurements_Torque_EURange,11939,Variable
OperationalGroupType_Measurements_ClearanceFlow_Definition,11940,Variable
PumpType_Ports_Drive_Placeholder_Measurements_Voltage,11941,Variable
PumpType_Ports_Drive_Placeholder_Measurements_Voltage_Definition,11942,Variable
PumpType_Ports_Drive_Placeholder_Measurements_Voltage_EngineeringUnits,11943,Variable
PumpType_Ports_Drive_Placeholder_Measurements_Voltage_EURange,11944,Variable
OperationalGroupType_Measurements_ClearanceFlow_EngineeringUnits,11945,Variable
PumpType_Ports_Drive_Placeholder_Direction_Definition,11946,Variable
PumpType_Ports_Drive_Placeholder_Category_Definition,11947,Variable
PumpType_Ports_Drive_Placeholder_IdCarrier_Definition,11948,Variable
PumpType_Ports_InletConnection_Placeholder_Design_CriticalBackingPressure,11949,Variable
PumpType_Ports_InletConnection_Placeholder_Design_CriticalBackingPressure_Definition,11950,Variable
PumpType_Ports_InletConnection_Placeholder_Design_CriticalBackingPressure_EngineeringUnits,11951,Variable
PumpType_Ports_InletConnection_Placeholder_Design_CriticalBackingPressure_EURange,11952,Variable
PumpType_Ports_InletConnection_Placeholder_Design_InletAreaOfThePump,11953,Variable
PumpType_Ports_InletConnection_Placeholder_Design_InletAreaOfThePump_Definition,11954,Variable
PumpType_Ports_InletConnection_Placeholder_Design_InletAreaOfThePump_EngineeringUnits,11955,Variable
PumpType_Ports_InletConnection_Placeholder_Design_InletAreaOfThePump_EURange,11956,Variable
PumpType_Ports_InletConnection_Placeholder_Design_MaximumAllowableInletPressure,11957,Variable
PumpType_Ports_InletConnection_Placeholder_Design_MaximumAllowableInletPressure_Definition,11958,Variable
PumpType_Ports_InletConnection_Placeholder_Design_MaximumAllowableInletPressure_EngineeringUnits,11959,Variable
PumpType_Ports_InletConnection_Placeholder_Design_MaximumAllowableInletPressure_EURange,11960,Variable
PumpType_Ports_InletConnection_Placeholder_Design_MaximumTolerableWaterVaporInletPressure,11961,Variable
PumpType_Ports_InletConnection_Placeholder_Design_MaximumTolerableWaterVaporInletPressure_Definition,11962,Variable
PumpType_Ports_InletConnection_Placeholder_Design_MaximumTolerableWaterVaporInletPressure_EngineeringUnits,11963,Variable
PumpType_Ports_InletConnection_Placeholder_Design_MaximumTolerableWaterVaporInletPressure_EURange,11964,Variable
PumpType_Ports_InletConnection_Placeholder_Design_MaximumWorkingPressure,11965,Variable
PumpType_Ports_InletConnection_Placeholder_Design_MaximumWorkingPressure_Definition,11966,Variable
PumpType_Ports_InletConnection_Placeholder_Design_MaximumWorkingPressure_EngineeringUnits,11967,Variable
PumpType_Ports_InletConnection_Placeholder_Design_MaximumWorkingPressure_EURange,11968,Variable
PumpType_Ports_InletConnection_Placeholder_Design_MinimumAllowableInletPressure,11969,Variable
PumpType_Ports_InletConnection_Placeholder_Design_MinimumAllowableInletPressure_Definition,11970,Variable
PumpType_Ports_InletConnection_Placeholder_Design_MinimumAllowableInletPressure_EngineeringUnits,11971,Variable
PumpType_Ports_InletConnection_Placeholder_Design_MinimumAllowableInletPressure_EURange,11972,Variable
PumpType_Ports_InletConnection_Placeholder_Design_NetPositiveInletPressureRequired,11973,Variable
PumpType_Ports_InletConnection_Placeholder_Design_NetPositiveInletPressureRequired_Definition,11974,Variable
PumpType_Ports_InletConnection_Placeholder_Design_NetPositiveInletPressureRequired_EngineeringUnits,11975,Variable
PumpType_Ports_InletConnection_Placeholder_Design_NetPositiveInletPressureRequired_EURange,11976,Variable
PumpType_Ports_InletConnection_Placeholder_Design_NominalPressure,11977,Variable
PumpType_Ports_InletConnection_Placeholder_Design_NominalPressure_Definition,11978,Variable
PumpType_Ports_InletConnection_Placeholder_Design_WaterVaporCapacity,11979,Variable
PumpType_Ports_InletConnection_Placeholder_Design_WaterVaporCapacity_Definition,11980,Variable
PumpType_Ports_InletConnection_Placeholder_Design_WaterVaporCapacity_EngineeringUnits,11981,Variable
PumpType_Ports_InletConnection_Placeholder_Design_WaterVaporCapacity_EURange,11982,Variable
PumpType_Ports_InletConnection_Placeholder_Implementation_HeightOfTheInletConnection,11983,Variable
PumpType_Ports_InletConnection_Placeholder_Implementation_HeightOfTheInletConnection_Definition,11984,Variable
PumpType_Ports_InletConnection_Placeholder_Implementation_HeightOfTheInletConnection_EngineeringUnits,11985,Variable
PumpType_Ports_InletConnection_Placeholder_Implementation_HeightOfTheInletConnection_EURange,11986,Variable
PumpType_Ports_InletConnection_Placeholder_Implementation_MeanRatedVelocityAtInlet,11987,Variable
PumpType_Ports_InletConnection_Placeholder_Implementation_MeanRatedVelocityAtInlet_Definition,11988,Variable
PumpType_Ports_InletConnection_Placeholder_Implementation_MeanRatedVelocityAtInlet_EngineeringUnits,11989,Variable
PumpType_Ports_InletConnection_Placeholder_Implementation_MeanRatedVelocityAtInlet_EURange,11990,Variable
PumpType_Ports_InletConnection_Placeholder_Implementation_NominalSize,11991,Variable
PumpType_Ports_InletConnection_Placeholder_Implementation_NominalSize_Definition,11992,Variable
PumpType_Ports_InletConnection_Placeholder_Implementation_RatedInletPressure,11993,Variable
PumpType_Ports_InletConnection_Placeholder_Implementation_RatedInletPressure_Definition,11994,Variable
PumpType_Ports_InletConnection_Placeholder_Implementation_RatedInletPressure_EngineeringUnits,11995,Variable
PumpType_Ports_InletConnection_Placeholder_Implementation_RatedInletPressure_EURange,11996,Variable
PumpType_Ports_InletConnection_Placeholder_Implementation_TotalHeadAtInletAreaOfThePump,11997,Variable
PumpType_Ports_InletConnection_Placeholder_Implementation_TotalHeadAtInletAreaOfThePump_Definition,11998,Variable
PumpType_Ports_InletConnection_Placeholder_Implementation_TotalHeadAtInletAreaOfThePump_EngineeringUnits,11999,Variable
PumpType_Ports_InletConnection_Placeholder_Implementation_TotalHeadAtInletAreaOfThePump_EURange,12000,Variable
PumpType_Ports_InletConnection_Placeholder_Measurements_InletTemperatureOfThePump,12001,Variable
PumpType_Ports_InletConnection_Placeholder_Measurements_InletTemperatureOfThePump_Definition,12002,Variable
PumpType_Ports_InletConnection_Placeholder_Measurements_InletTemperatureOfThePump_EngineeringUnits,12003,Variable
PumpType_Ports_InletConnection_Placeholder_Measurements_InletTemperatureOfThePump_EURange,12004,Variable
OperationalGroupType_Measurements_ClearanceFlow_EURange,12005,Variable
PumpType_Ports_InletConnection_Placeholder_Measurements_MeanVelocityAtInlet,12006,Variable
PumpType_Ports_InletConnection_Placeholder_Measurements_MeanVelocityAtInlet_Definition,12007,Variable
PumpType_Ports_InletConnection_Placeholder_Measurements_MeanVelocityAtInlet_EngineeringUnits,12008,Variable
PumpType_Ports_InletConnection_Placeholder_Measurements_MeanVelocityAtInlet_EURange,12009,Variable
OperationalGroupType_Measurements_Density_Definition,12010,Variable
PumpType_Ports_InletConnection_Placeholder_SystemRequirements_InletPressure,12011,Variable
PumpType_Ports_InletConnection_Placeholder_SystemRequirements_InletPressure_Definition,12012,Variable
PumpType_Ports_InletConnection_Placeholder_SystemRequirements_InletPressure_EngineeringUnits,12013,Variable
PumpType_Ports_InletConnection_Placeholder_SystemRequirements_InletPressure_EURange,12014,Variable
PumpType_Ports_InletConnection_Placeholder_Direction_Definition,12015,Variable
PumpType_Ports_InletConnection_Placeholder_Category_Definition,12016,Variable
PumpType_Ports_InletConnection_Placeholder_IdCarrier_Definition,12017,Variable
PumpType_Ports_OutletConnection_Placeholder_Design_MaximumAllowableOutletPressure,12018,Variable
PumpType_Ports_OutletConnection_Placeholder_Design_MaximumAllowableOutletPressure_Definition,12019,Variable
PumpType_Ports_OutletConnection_Placeholder_Design_MaximumAllowableOutletPressure_EngineeringUnits,12020,Variable
PumpType_Ports_OutletConnection_Placeholder_Design_MaximumAllowableOutletPressure_EURange,12021,Variable
PumpType_Ports_OutletConnection_Placeholder_Design_MinimumAllowableOutetPressure,12022,Variable
PumpType_Ports_OutletConnection_Placeholder_Design_MinimumAllowableOutetPressure_Definition,12023,Variable
PumpType_Ports_OutletConnection_Placeholder_Design_MinimumAllowableOutetPressure_EngineeringUnits,12024,Variable
PumpType_Ports_OutletConnection_Placeholder_Design_MinimumAllowableOutetPressure_EURange,12025,Variable
PumpType_Ports_OutletConnection_Placeholder_Design_NominalPressure,12026,Variable
PumpType_Ports_OutletConnection_Placeholder_Design_NominalPressure_Definition,12027,Variable
PumpType_Ports_OutletConnection_Placeholder_Design_OutletAreaOfThePump,12028,Variable
PumpType_Ports_OutletConnection_Placeholder_Design_OutletAreaOfThePump_Definition,12029,Variable
PumpType_Ports_OutletConnection_Placeholder_Design_OutletAreaOfThePump_EngineeringUnits,12030,Variable
PumpType_Ports_OutletConnection_Placeholder_Design_OutletAreaOfThePump_EURange,12031,Variable
PumpType_Ports_OutletConnection_Placeholder_Design_ReliefValveAccumulationPressure,12032,Variable
PumpType_Ports_OutletConnection_Placeholder_Design_ReliefValveAccumulationPressure_Definition,12033,Variable
PumpType_Ports_OutletConnection_Placeholder_Design_ReliefValveAccumulationPressure_EngineeringUnits,12034,Variable
PumpType_Ports_OutletConnection_Placeholder_Design_ReliefValveAccumulationPressure_EURange,12035,Variable
PumpType_Ports_OutletConnection_Placeholder_Design_ReliefValveBackPressure,12036,Variable
PumpType_Ports_OutletConnection_Placeholder_Design_ReliefValveBackPressure_Definition,12037,Variable
PumpType_Ports_OutletConnection_Placeholder_Design_ReliefValveBackPressure_EngineeringUnits,12038,Variable
PumpType_Ports_OutletConnection_Placeholder_Design_ReliefValveBackPressure_EURange,12039,Variable
PumpType_Ports_OutletConnection_Placeholder_Design_ReliefValveReseatPressure,12040,Variable
PumpType_Ports_OutletConnection_Placeholder_Design_ReliefValveReseatPressure_Definition,12041,Variable
PumpType_Ports_OutletConnection_Placeholder_Design_ReliefValveReseatPressure_EngineeringUnits,12042,Variable
PumpType_Ports_OutletConnection_Placeholder_Design_ReliefValveReseatPressure_EURange,12043,Variable
PumpType_Ports_OutletConnection_Placeholder_Design_ReliefValveSetPressure,12044,Variable
PumpType_Ports_OutletConnection_Placeholder_Design_ReliefValveSetPressure_Definition,12045,Variable
PumpType_Ports_OutletConnection_Placeholder_Design_ReliefValveSetPressure_EngineeringUnits,12046,Variable
PumpType_Ports_OutletConnection_Placeholder_Design_ReliefValveSetPressure_EURange,12047,Variable
PumpType_Ports_OutletConnection_Placeholder_Implementation_HeightOfTheOutletConnection,12048,Variable
PumpType_Ports_OutletConnection_Placeholder_Implementation_HeightOfTheOutletConnection_Definition,12049,Variable
PumpType_Ports_OutletConnection_Placeholder_Implementation_HeightOfTheOutletConnection_EngineeringUnits,12050,Variable
PumpType_Ports_OutletConnection_Placeholder_Implementation_HeightOfTheOutletConnection_EURange,12051,Variable
PumpType_Ports_OutletConnection_Placeholder_Implementation_MeanRatedVelocityAtOutlet,12052,Variable
PumpType_Ports_OutletConnection_Placeholder_Implementation_MeanRatedVelocityAtOutlet_Definition,12053,Variable
PumpType_Ports_OutletConnection_Placeholder_Implementation_MeanRatedVelocityAtOutlet_EngineeringUnits,12054,Variable
PumpType_Ports_OutletConnection_Placeholder_Implementation_MeanRatedVelocityAtOutlet_EURange,12055,Variable
PumpType_Ports_OutletConnection_Placeholder_Implementation_NominalSize,12056,Variable
PumpType_Ports_OutletConnection_Placeholder_Implementation_NominalSize_Definition,12057,Variable
PumpType_Ports_OutletConnection_Placeholder_Implementation_RatedOutletPressure,12058,Variable
PumpType_Ports_OutletConnection_Placeholder_Implementation_RatedOutletPressure_Definition,12059,Variable
PumpType_Ports_OutletConnection_Placeholder_Implementation_RatedOutletPressure_EngineeringUnits,12060,Variable
PumpType_Ports_OutletConnection_Placeholder_Implementation_RatedOutletPressure_EURange,12061,Variable
PumpType_Ports_OutletConnection_Placeholder_Implementation_TotalHeadAtOutletAreaOfThePump,12062,Variable
PumpType_Ports_OutletConnection_Placeholder_Implementation_TotalHeadAtOutletAreaOfThePump_Definition,12063,Variable
PumpType_Ports_OutletConnection_Placeholder_Implementation_TotalHeadAtOutletAreaOfThePump_EngineeringUnits,12064,Variable
PumpType_Ports_OutletConnection_Placeholder_Implementation_TotalHeadAtOutletAreaOfThePump_EURange,12065,Variable
PumpType_Ports_OutletConnection_Placeholder_Measurements_MeanVelocityAtOutlet,12066,Variable
PumpType_Ports_OutletConnection_Placeholder_Measurements_MeanVelocityAtOutlet_Definition,12067,Variable
PumpType_Ports_OutletConnection_Placeholder_Measurements_MeanVelocityAtOutlet_EngineeringUnits,12068,Variable
PumpType_Ports_OutletConnection_Placeholder_Measurements_MeanVelocityAtOutlet_EURange,12069,Variable
PumpType_Operational_Measurements_ClearanceFlow_Definition,12070,Variable
PumpType_Ports_OutletConnection_Placeholder_Measurements_OutletTemperatureOfThePump,12071,Variable
PumpType_Ports_OutletConnection_Placeholder_Measurements_OutletTemperatureOfThePump_Definition,12072,Variable
PumpType_Ports_OutletConnection_Placeholder_Measurements_OutletTemperatureOfThePump_EngineeringUnits,12073,Variable
PumpType_Ports_OutletConnection_Placeholder_Measurements_OutletTemperatureOfThePump_EURange,12074,Variable
PumpType_Operational_Measurements_ClearanceFlow_EngineeringUnits,12075,Variable
PumpType_Ports_OutletConnection_Placeholder_SystemRequirements_BackingPressure,12076,Variable
PumpType_Ports_OutletConnection_Placeholder_SystemRequirements_BackingPressure_Definition,12077,Variable
PumpType_Ports_OutletConnection_Placeholder_SystemRequirements_BackingPressure_EngineeringUnits,12078,Variable
PumpType_Ports_OutletConnection_Placeholder_SystemRequirements_BackingPressure_EURange,12079,Variable
PumpType_Ports_OutletConnection_Placeholder_Direction_Definition,12080,Variable
PumpType_Ports_OutletConnection_Placeholder_Category_Definition,12081,Variable
PumpType_Ports_OutletConnection_Placeholder_IdCarrier_Definition,12082,Variable
DeviceTypeEnum_EnumValues,12083,Variable
SupervisionPumpOperationType_ConverterOverheat,12084,Variable
SupervisionPumpOperationType_ConverterOverheat_FalseState,12085,Variable
SupervisionPumpOperationType_ConverterOverheat_TrueState,12086,Variable
PumpType_Configuration_Design_BalancingRateOfFlow_Definition,12087,Variable
PumpType_Configuration_Design_BalancingRateOfFlow_EngineeringUnits,12088,Variable
ConfigurationGroupType_Design_ClearanceVolume_Definition,12089,Variable
SupervisionAuxiliaryDeviceType_AmbientTemperature_Definition,12090,Variable
PumpType_Events_SupervisionPumpOperation_Deceleration,12091,Variable
PumpType_Events_SupervisionPumpOperation_Deceleration_FalseState,12092,Variable
SupervisionAuxiliaryDeviceType_AuxiliaryDeviceFault_Definition,12093,Variable
PumpType_Events_SupervisionPumpOperation_Deceleration_TrueState,12094,Variable
PumpType_Events_SupervisionPumpOperation_DirtyImpeller,12095,Variable
SupervisionAuxiliaryDeviceType_AuxiliaryMediumAbsence_Definition,12096,Variable
PumpType_Events_SupervisionPumpOperation_DirtyImpeller_FalseState,12097,Variable
PumpType_Events_SupervisionPumpOperation_DirtyImpeller_TrueState,12098,Variable
SupervisionAuxiliaryDeviceType_AuxiliaryMediumInsufficiency_Definition,12099,Variable
PumpType_Events_SupervisionPumpOperation_DriveOverheat,12100,Variable
PumpType_Events_SupervisionPumpOperation_DriveOverheat_FalseState,12101,Variable
SupervisionAuxiliaryDeviceType_AuxiliaryPowerPole_Definition,12102,Variable
PumpType_Events_SupervisionPumpOperation_DriveOverheat_TrueState,12103,Variable
PumpType_Events_SupervisionPumpOperation_GeneratorOperation,12104,Variable
SupervisionAuxiliaryDeviceType_AuxiliaryPowerRange_Definition,12105,Variable
PumpType_Events_SupervisionPumpOperation_GeneratorOperation_FalseState,12106,Variable
PumpType_Events_SupervisionPumpOperation_GeneratorOperation_TrueState,12107,Variable
SupervisionAuxiliaryDeviceType_CommunicationError_Definition,12108,Variable
PumpType_Events_SupervisionPumpOperation_Leakage,12109,Variable
PumpType_Events_SupervisionPumpOperation_Leakage_FalseState,12110,Variable
SupervisionAuxiliaryDeviceType_Corrosion_Definition,12111,Variable
PumpType_Events_SupervisionPumpOperation_Leakage_TrueState,12112,Variable
PumpType_Events_SupervisionPumpOperation_Lubricant,12113,Variable
SupervisionAuxiliaryDeviceType_Deviation_Definition,12114,Variable
PumpType_Events_SupervisionPumpOperation_Lubricant_FalseState,12115,Variable
PumpType_Events_SupervisionPumpOperation_Lubricant_TrueState,12116,Variable
SupervisionAuxiliaryDeviceType_ElectromagneticInterference_Definition,12117,Variable
PumpType_Events_SupervisionPumpOperation_MaximumNumberStarts,12118,Variable
PumpType_Events_SupervisionPumpOperation_MaximumNumberStarts_FalseState,12119,Variable
SupervisionAuxiliaryDeviceType_ElectronicFault_Definition,12120,Variable
PumpType_Events_SupervisionPumpOperation_MaximumNumberStarts_TrueState,12121,Variable
PumpType_Events_SupervisionPumpOperation_MaximumOperationTime,12122,Variable
SupervisionAuxiliaryDeviceType_EnergySupply_Definition,12123,Variable
PumpType_Events_SupervisionPumpOperation_MaximumOperationTime_FalseState,12124,Variable
PumpType_Events_SupervisionPumpOperation_MaximumOperationTime_TrueState,12125,Variable
SupervisionAuxiliaryDeviceType_EvaluationElectronics_Definition,12126,Variable
PumpType_Events_SupervisionPumpOperation_MaximumStartsAtTime,12127,Variable
PumpType_Events_SupervisionPumpOperation_MaximumStartsAtTime_FalseState,12128,Variable
SupervisionAuxiliaryDeviceType_ExciterError_Definition,12129,Variable
PumpType_Events_SupervisionPumpOperation_MaximumStartsAtTime_TrueState,12130,Variable
PumpType_Events_SupervisionPumpOperation_MotorHumidity,12131,Variable
SupervisionAuxiliaryDeviceType_Fouling_Definition,12132,Variable
PumpType_Events_SupervisionPumpOperation_MotorHumidity_FalseState,12133,Variable
PumpType_Events_SupervisionPumpOperation_MotorHumidity_TrueState,12134,Variable
SupervisionAuxiliaryDeviceType_HumidityElectronics_Definition,12135,Variable
PumpType_Events_SupervisionPumpOperation_MotorOverheat,12136,Variable
PumpType_Events_SupervisionPumpOperation_MotorOverheat_FalseState,12137,Variable
SupervisionAuxiliaryDeviceType_Interruption_Definition,12138,Variable
PumpType_Events_SupervisionPumpOperation_MotorOverheat_TrueState,12139,Variable
PumpType_Events_SupervisionPumpOperation_OperationFault,12140,Variable
SupervisionAuxiliaryDeviceType_LineLength_Definition,12141,Variable
PumpType_Events_SupervisionPumpOperation_OperationFault_FalseState,12142,Variable
PumpType_Events_SupervisionPumpOperation_OperationFault_TrueState,12143,Variable
SupervisionAuxiliaryDeviceType_MaterialElectronics_Definition,12144,Variable
PumpType_Events_SupervisionPumpOperation_OverLoad,12145,Variable
PumpType_Events_SupervisionPumpOperation_OverLoad_FalseState,12146,Variable
SupervisionAuxiliaryDeviceType_MeasuredMaterialElectronics_Definition,12147,Variable
PumpType_Events_SupervisionPumpOperation_OverLoad_TrueState,12148,Variable
PumpType_Events_SupervisionPumpOperation_OverSpeed,12149,Variable
SupervisionAuxiliaryDeviceType_OperatingConditions_Definition,12150,Variable
PumpType_Events_SupervisionPumpOperation_OverSpeed_FalseState,12151,Variable
PumpType_Events_SupervisionPumpOperation_OverSpeed_TrueState,12152,Variable
SupervisionAuxiliaryDeviceType_MechanicalDamage_Definition,12153,Variable
PumpType_Events_SupervisionPumpOperation_PartialLoad,12154,Variable
PumpType_Events_SupervisionPumpOperation_PartialLoad_FalseState,12155,Variable
SupervisionAuxiliaryDeviceType_Other_Definition,12156,Variable
PumpType_Events_SupervisionPumpOperation_PartialLoad_TrueState,12157,Variable
PumpType_Events_SupervisionPumpOperation_Synchronisation,12158,Variable
SupervisionAuxiliaryDeviceType_ParameterSetting_Definition,12159,Variable
PumpType_Events_SupervisionPumpOperation_Synchronisation_FalseState,12160,Variable
PumpType_Events_SupervisionPumpOperation_Synchronisation_TrueState,12161,Variable
SupervisionAuxiliaryDeviceType_Peripheral_Definition,12162,Variable
PumpType_Events_SupervisionPumpOperation_TMSFailure,12163,Variable
PumpType_Events_SupervisionPumpOperation_TMSFailure_FalseState,12164,Variable
SupervisionAuxiliaryDeviceType_ProcessInfluence_Definition,12165,Variable
PumpType_Events_SupervisionPumpOperation_TMSFailure_TrueState,12166,Variable
PumpType_Events_SupervisionPumpOperation_TemperatureFault,12167,Variable
SupervisionAuxiliaryDeviceType_SensorElement_Definition,12168,Variable
PumpType_Events_SupervisionPumpOperation_TemperatureFault_FalseState,12169,Variable
PumpType_Events_SupervisionPumpOperation_TemperatureFault_TrueState,12170,Variable
SupervisionAuxiliaryDeviceType_TemperatureShock_Definition,12171,Variable
PumpType_Events_SupervisionPumpOperation_TimeOut,12172,Variable
PumpType_Events_SupervisionPumpOperation_TimeOut_FalseState,12173,Variable
SupervisionAuxiliaryDeviceType_Vibration_Definition,12174,Variable
PumpType_Events_SupervisionPumpOperation_TimeOut_TrueState,12175,Variable
PumpType_Events_SupervisionPumpOperation_TorqueLimit,12176,Variable
SupervisionAuxiliaryDeviceType_WearReserveOperation_Definition,12177,Variable
PumpType_Events_SupervisionPumpOperation_TorqueLimit_FalseState,12178,Variable
PumpType_Events_SupervisionPumpOperation_TorqueLimit_TrueState,12179,Variable
SupervisionAuxiliaryDeviceType_WearReserveWear_Definition,12180,Variable
PumpType_Events_SupervisionPumpOperation_TurbineOperation,12181,Variable
PumpType_Events_SupervisionPumpOperation_TurbineOperation_FalseState,12182,Variable
SupervisionAuxiliaryDeviceType_StartUp_Definition,12183,Variable
PumpType_Events_SupervisionPumpOperation_TurbineOperation_TrueState,12184,Variable
PumpType_Events_SupervisionPumpOperation_UnderSpeed,12185,Variable
SupervisionAuxiliaryDeviceType_Overloading_Definition,12186,Variable
PumpType_Events_SupervisionPumpOperation_UnderSpeed_FalseState,12187,Variable
PumpType_Events_SupervisionPumpOperation_UnderSpeed_TrueState,12188,Variable
SupervisionAuxiliaryDeviceType_Installation_Definition,12189,Variable
PumpType_Events_SupervisionPumpOperation_VelocityLimit,12190,Variable
PumpType_Events_SupervisionPumpOperation_VelocityLimit_FalseState,12191,Variable
SupervisionElectronicsType_ArmatureCircuit_Definition,12192,Variable
PumpType_Events_SupervisionPumpOperation_VelocityLimit_TrueState,12193,Variable
PumpType_Events_SupervisionPumpOperation_WearReserveExhausted,12194,Variable
SupervisionElectronicsType_CurrentInsideDevice_Definition,12195,Variable
PumpType_Events_SupervisionPumpOperation_WearReserveExhausted_FalseState,12196,Variable
PumpType_Events_SupervisionPumpOperation_WearReserveExhausted_TrueState,12197,Variable
SupervisionElectronicsType_ElectricalFault_Definition,12198,Variable
PumpType_Events_SupervisionSoftware_Application,12199,Variable
PumpType_Events_SupervisionSoftware_Application_FalseState,12200,Variable
SupervisionElectronicsType_FieldCircuit_Definition,12201,Variable
PumpType_Events_SupervisionSoftware_Application_TrueState,12202,Variable
PumpType_Events_SupervisionSoftware_Communication,12203,Variable
SupervisionElectronicsType_InstallationFault_Definition,12204,Variable
PumpType_Events_SupervisionSoftware_Communication_FalseState,12205,Variable
PumpType_Events_SupervisionSoftware_Communication_TrueState,12206,Variable
SupervisionElectronicsType_InsulationResistance_Definition,12207,Variable
PumpType_Events_SupervisionSoftware_Control,12208,Variable
PumpType_Events_SupervisionSoftware_Control_FalseState,12209,Variable
SupervisionElectronicsType_PhaseFailure_Definition,12210,Variable
PumpType_Events_SupervisionSoftware_Control_TrueState,12211,Variable
PumpType_Events_SupervisionSoftware_Memory,12212,Variable
SupervisionElectronicsType_ShortCircuit_Definition,12213,Variable
PumpType_Events_SupervisionSoftware_Memory_FalseState,12214,Variable
PumpType_Events_SupervisionSoftware_Memory_TrueState,12215,Variable
SupervisionElectronicsType_ShortToEarth_Definition,12216,Variable
PumpType_Events_SupervisionSoftware_OS,12217,Variable
PumpType_Events_SupervisionSoftware_OS_FalseState,12218,Variable
SupervisionElectronicsType_SupplyCurrent_Definition,12219,Variable
PumpType_Events_SupervisionSoftware_OS_TrueState,12220,Variable
PumpType_Events_SupervisionSoftware_Parameter,12221,Variable
SupervisionElectronicsType_SupplyCurrentHigh_Definition,12222,Variable
PumpType_Events_SupervisionSoftware_Parameter_FalseState,12223,Variable
PumpType_Events_SupervisionSoftware_Parameter_TrueState,12224,Variable
SupervisionElectronicsType_SupplyCurrentLow_Definition,12225,Variable
PumpType_Events_SupervisionSoftware_SoftwareFault,12226,Variable
PumpType_Events_SupervisionSoftware_SoftwareFault_FalseState,12227,Variable
SupervisionElectronicsType_SupplyFrequency_Definition,12228,Variable
PumpType_Events_SupervisionSoftware_SoftwareFault_TrueState,12229,Variable
PumpType_Events_SupervisionSoftware_SoftwareReset,12230,Variable
SupervisionElectronicsType_SupplyFrequencyHigh_Definition,12231,Variable
PumpType_Events_SupervisionSoftware_SoftwareReset_FalseState,12232,Variable
PumpType_Events_SupervisionSoftware_SoftwareReset_TrueState,12233,Variable
SupervisionElectronicsType_SupplyFrequencyLow_Definition,12234,Variable
PumpType_Events_SupervisionAuxiliaryDevice_ActuatorElement_Definition,12235,Variable
PumpType_Events_SupervisionAuxiliaryDevice_AmbientTemperature_Definition,12236,Variable
SupervisionElectronicsType_SupplyVoltage_Definition,12237,Variable
PumpType_Events_SupervisionAuxiliaryDevice_AuxiliaryDeviceFault_Definition,12238,Variable
PumpType_Events_SupervisionAuxiliaryDevice_AuxiliaryMediumAbsence_Definition,12239,Variable
SupervisionElectronicsType_SupplyVoltageHigh_Definition,12240,Variable
PumpType_Events_SupervisionAuxiliaryDevice_AuxiliaryMediumInsufficiency_Definition,12241,Variable
PumpType_Events_SupervisionAuxiliaryDevice_AuxiliaryPowerPole_Definition,12242,Variable
SupervisionElectronicsType_SupplyVoltageLow_Definition,12243,Variable
PumpType_Events_SupervisionAuxiliaryDevice_AuxiliaryPowerRange_Definition,12244,Variable
PumpType_Events_SupervisionAuxiliaryDevice_CommunicationError_Definition,12245,Variable
SupervisionElectronicsType_VoltageInsideDevice_Definition,12246,Variable
PumpType_Events_SupervisionAuxiliaryDevice_Corrosion_Definition,12247,Variable
PumpType_Events_SupervisionAuxiliaryDevice_Deviation_Definition,12248,Variable
SupervisionElectronicsType_WindingTemperature_Definition,12249,Variable
PumpType_Events_SupervisionAuxiliaryDevice_ElectromagneticInterference_Definition,12250,Variable
PumpType_Events_SupervisionAuxiliaryDevice_ElectronicFault_Definition,12251,Variable
SupervisionMechanicsType_AxialBearingAbrasion_Definition,12252,Variable
PumpType_Events_SupervisionAuxiliaryDevice_EnergySupply_Definition,12253,Variable
PumpType_Events_SupervisionAuxiliaryDevice_EvaluationElectronics_Definition,12254,Variable
SupervisionMechanicsType_AxialBearingFault_Definition,12255,Variable
PumpType_Events_SupervisionAuxiliaryDevice_ExciterError_Definition,12256,Variable
PumpType_Events_SupervisionAuxiliaryDevice_Fouling_Definition,12257,Variable
SupervisionMechanicsType_AxialBearingOverheat_Definition,12258,Variable
PumpType_Events_SupervisionAuxiliaryDevice_HumidityElectronics_Definition,12259,Variable
PumpType_Events_SupervisionAuxiliaryDevice_Installation_Definition,12260,Variable
SupervisionMechanicsType_BearingFault_Definition,12261,Variable
PumpType_Events_SupervisionAuxiliaryDevice_Interruption_Definition,12262,Variable
PumpType_Events_SupervisionAuxiliaryDevice_LineLength_Definition,12263,Variable
SupervisionMechanicsType_BrakeChopper_Definition,12264,Variable
PumpType_Events_SupervisionAuxiliaryDevice_MaterialElectronics_Definition,12265,Variable
PumpType_Events_SupervisionAuxiliaryDevice_MeasuredMaterialElectronics_Definition,12266,Variable
SupervisionMechanicsType_BrakeOverheat_Definition,12267,Variable
PumpType_Events_SupervisionAuxiliaryDevice_MechanicalDamage_Definition,12268,Variable
PumpType_Events_SupervisionAuxiliaryDevice_OperatingConditions_Definition,12269,Variable
SupervisionMechanicsType_ExcessVibration_Definition,12270,Variable
PumpType_Events_SupervisionAuxiliaryDevice_Other_Definition,12271,Variable
PumpType_Events_SupervisionAuxiliaryDevice_Overloading_Definition,12272,Variable
SupervisionMechanicsType_GapWear_Definition,12273,Variable
PumpType_Events_SupervisionAuxiliaryDevice_ParameterSetting_Definition,12274,Variable
PumpType_Events_SupervisionAuxiliaryDevice_Peripheral_Definition,12275,Variable
SupervisionMechanicsType_MechanicalFault_Definition,12276,Variable
PumpType_Events_SupervisionAuxiliaryDevice_ProcessInfluence_Definition,12277,Variable
PumpType_Events_SupervisionAuxiliaryDevice_SensorElement_Definition,12278,Variable
SupervisionMechanicsType_Misalignment_Definition,12279,Variable
PumpType_Events_SupervisionAuxiliaryDevice_StartUp_Definition,12280,Variable
PumpType_Events_SupervisionAuxiliaryDevice_TemperatureShock_Definition,12281,Variable
SupervisionMechanicsType_RadialBearingAbrasion_Definition,12282,Variable
PumpType_Events_SupervisionAuxiliaryDevice_Vibration_Definition,12283,Variable
PumpType_Events_SupervisionAuxiliaryDevice_WearReserveOperation_Definition,12284,Variable
SupervisionMechanicsType_RadialBearingFault_Definition,12285,Variable
PumpType_Events_SupervisionAuxiliaryDevice_WearReserveWear_Definition,12286,Variable
PumpType_Events_SupervisionElectronics_ArmatureCircuit_Definition,12287,Variable
SupervisionMechanicsType_RadialBearingOverheat_Definition,12288,Variable
PumpType_Events_SupervisionElectronics_CurrentInsideDevice_Definition,12289,Variable
PumpType_Events_SupervisionElectronics_ElectricalFault_Definition,12290,Variable
SupervisionMechanicsType_RotorBlocked_Definition,12291,Variable
PumpType_Events_SupervisionElectronics_FieldCircuit_Definition,12292,Variable
PumpType_Events_SupervisionElectronics_InstallationFault_Definition,12293,Variable
SupervisionMechanicsType_RotorStationRubbing_Definition,12294,Variable
PumpType_Events_SupervisionElectronics_InsulationResistance_Definition,12295,Variable
PumpType_Events_SupervisionElectronics_PhaseFailure_Definition,12296,Variable
SupervisionMechanicsType_Unbalance_Definition,12297,Variable
PumpType_Events_SupervisionElectronics_ShortCircuit_Definition,12298,Variable
PumpType_Events_SupervisionElectronics_ShortToEarth_Definition,12299,Variable
SupervisionProcessFluidType_Blockage_Definition,12300,Variable
PumpType_Events_SupervisionElectronics_SupplyCurrent_Definition,12301,Variable
PumpType_Events_SupervisionElectronics_SupplyCurrentHigh_Definition,12302,Variable
SupervisionProcessFluidType_Cavitation_Definition,12303,Variable
PumpType_Events_SupervisionElectronics_SupplyCurrentLow_Definition,12304,Variable
PumpType_Events_SupervisionElectronics_SupplyFrequency_Definition,12305,Variable
SupervisionProcessFluidType_Condensation_Definition,12306,Variable
PumpType_Events_SupervisionElectronics_SupplyFrequencyHigh_Definition,12307,Variable
PumpType_Events_SupervisionElectronics_SupplyFrequencyLow_Definition,12308,Variable
SupervisionProcessFluidType_Dry_Definition,12309,Variable
PumpType_Events_SupervisionElectronics_SupplyVoltage_Definition,12310,Variable
PumpType_Events_SupervisionElectronics_SupplyVoltageHigh_Definition,12311,Variable
SupervisionProcessFluidType_Flow_Definition,12312,Variable
PumpType_Events_SupervisionElectronics_SupplyVoltageLow_Definition,12313,Variable
PumpType_Events_SupervisionElectronics_VoltageInsideDevice_Definition,12314,Variable
SupervisionProcessFluidType_Gas_Definition,12315,Variable
PumpType_Events_SupervisionElectronics_WindingTemperature_Definition,12316,Variable
PumpType_Events_SupervisionHardware_Communication_Definition,12317,Variable
SupervisionProcessFluidType_Liquid_Definition,12318,Variable
PumpType_Events_SupervisionHardware_ComputingCircuit_Definition,12319,Variable
PumpType_Events_SupervisionHardware_ControlCircuit_Definition,12320,Variable
SupervisionProcessFluidType_Pressure_Definition,12321,Variable
PumpType_Events_SupervisionHardware_DCLinkSupply_Definition,12322,Variable
PumpType_Events_SupervisionHardware_Eprom_Definition,12323,Variable
SupervisionProcessFluidType_ProcessFault_Definition,12324,Variable
PumpType_Events_SupervisionHardware_HardwareFault_Definition,12325,Variable
PumpType_Events_SupervisionHardware_IONA_Definition,12326,Variable
SupervisionProcessFluidType_Solid_Definition,12327,Variable
PumpType_Events_SupervisionHardware_MeasureCircuit_Definition,12328,Variable
PumpType_Events_SupervisionHardware_MicroProcessor_Definition,12329,Variable
SupervisionProcessFluidType_Stall_Definition,12330,Variable
PumpType_Events_SupervisionHardware_NetworkNA_Definition,12331,Variable
PumpType_Events_SupervisionHardware_PowerSupply_Definition,12332,Variable
SupervisionProcessFluidType_Temperature_Definition,12333,Variable
PumpType_Events_SupervisionHardware_Ram_Definition,12334,Variable
PumpType_Events_SupervisionMechanics_AxialBearingAbrasion_Definition,12335,Variable
SupervisionProcessFluidType_Viscosity_Definition,12336,Variable
PumpType_Events_SupervisionMechanics_AxialBearingFault_Definition,12337,Variable
PumpType_Events_SupervisionMechanics_AxialBearingOverheat_Definition,12338,Variable
SupervisionPumpOperationType_AccessoryLiquidHigh_Definition,12339,Variable
PumpType_Events_SupervisionMechanics_BearingFault_Definition,12340,Variable
PumpType_Events_SupervisionMechanics_BrakeChopper_Definition,12341,Variable
SupervisionPumpOperationType_AccessoryLiquidLow_Definition,12342,Variable
PumpType_Events_SupervisionMechanics_BrakeOverheat_Definition,12343,Variable
PumpType_Events_SupervisionMechanics_ExcessVibration_Definition,12344,Variable
SupervisionPumpOperationType_AccessoryLiquidOverheat_Definition,12345,Variable
PumpType_Events_SupervisionMechanics_GapWear_Definition,12346,Variable
PumpType_Events_SupervisionMechanics_MechanicalFault_Definition,12347,Variable
SupervisionPumpOperationType_AccessoryLiquidPressure_Definition,12348,Variable
PumpType_Events_SupervisionMechanics_Misalignment_Definition,12349,Variable
PumpType_Events_SupervisionMechanics_RadialBearingAbrasion_Definition,12350,Variable
SupervisionPumpOperationType_AmbientTemperature_Definition,12351,Variable
PumpType_Events_SupervisionMechanics_RadialBearingFault_Definition,12352,Variable
PumpType_Events_SupervisionMechanics_RadialBearingOverheat_Definition,12353,Variable
SupervisionPumpOperationType_CaseOverheat_Definition,12354,Variable
PumpType_Events_SupervisionMechanics_RotorBlocked_Definition,12355,Variable
PumpType_Events_SupervisionMechanics_RotorStationRubbing_Definition,12356,Variable
SupervisionPumpOperationType_ControllerOverheat_Definition,12357,Variable
PumpType_Events_SupervisionMechanics_Unbalance_Definition,12358,Variable
PumpType_Events_SupervisionProcessFluid_Blockage_Definition,12359,Variable
SupervisionPumpOperationType_ConverterOverheat_Definition,12360,Variable
SupervisionPumpOperationType_CoolantFlow_Definition,12361,Variable
PumpType_Events_SupervisionProcessFluid_Cavitation_Definition,12362,Variable
PumpType_Events_SupervisionProcessFluid_Condensation_Definition,12363,Variable
SupervisionPumpOperationType_CoolantHigh_Definition,12364,Variable
PumpType_Events_SupervisionProcessFluid_Dry_Definition,12365,Variable
PumpType_Events_SupervisionProcessFluid_Flow_Definition,12366,Variable
SupervisionPumpOperationType_CoolantLow_Definition,12367,Variable
PumpType_Events_SupervisionProcessFluid_Gas_Definition,12368,Variable
PumpType_Events_SupervisionProcessFluid_Liquid_Definition,12369,Variable
SupervisionPumpOperationType_CoolantOverheat_Definition,12370,Variable
PumpType_Events_SupervisionProcessFluid_Pressure_Definition,12371,Variable
PumpType_Events_SupervisionProcessFluid_ProcessFault_Definition,12372,Variable
SupervisionPumpOperationType_Deceleration_Definition,12373,Variable
PumpType_Events_SupervisionProcessFluid_Solid_Definition,12374,Variable
PumpType_Events_SupervisionProcessFluid_Stall_Definition,12375,Variable
SupervisionPumpOperationType_DirtyImpeller_Definition,12376,Variable
PumpType_Events_SupervisionProcessFluid_Temperature_Definition,12377,Variable
PumpType_Events_SupervisionProcessFluid_Viscosity_Definition,12378,Variable
SupervisionPumpOperationType_DriveOverheat_Definition,12379,Variable
PumpType_Events_SupervisionPumpOperation_AccessoryLiquidFlow_Definition,12380,Variable
PumpType_Events_SupervisionPumpOperation_AccessoryLiquidHigh_Definition,12381,Variable
SupervisionPumpOperationType_GeneratorOperation_Definition,12382,Variable
PumpType_Events_SupervisionPumpOperation_AccessoryLiquidLow_Definition,12383,Variable
PumpType_Events_SupervisionPumpOperation_AccessoryLiquidOverheat_Definition,12384,Variable
SupervisionPumpOperationType_Leakage_Definition,12385,Variable
PumpType_Events_SupervisionPumpOperation_AccessoryLiquidPressure_Definition,12386,Variable
PumpType_Events_SupervisionPumpOperation_AmbientTemperature_Definition,12387,Variable
SupervisionPumpOperationType_Lubricant_Definition,12388,Variable
PumpType_Events_SupervisionPumpOperation_CaseOverheat_Definition,12389,Variable
PumpType_Events_SupervisionPumpOperation_ControllerOverheat_Definition,12390,Variable
SupervisionPumpOperationType_MaximumNumberStarts_Definition,12391,Variable
PumpType_Events_SupervisionPumpOperation_ConverterOverheat_Definition,12392,Variable
PumpType_Events_SupervisionPumpOperation_CoolantFlow_Definition,12393,Variable
SupervisionPumpOperationType_MaximumOperationTime_Definition,12394,Variable
PumpType_Events_SupervisionPumpOperation_CoolantHigh_Definition,12395,Variable
PumpType_Events_SupervisionPumpOperation_CoolantLow_Definition,12396,Variable
SupervisionPumpOperationType_MaximumStartsAtTime_Definition,12397,Variable
PumpType_Events_SupervisionPumpOperation_CoolantOverheat_Definition,12398,Variable
PumpType_Events_SupervisionPumpOperation_Deceleration_Definition,12399,Variable
SupervisionPumpOperationType_MotorHumidity_Definition,12400,Variable
PumpType_Events_SupervisionPumpOperation_DirtyImpeller_Definition,12401,Variable
PumpType_Events_SupervisionPumpOperation_DriveOverheat_Definition,12402,Variable
SupervisionPumpOperationType_MotorOverheat_Definition,12403,Variable
PumpType_Events_SupervisionPumpOperation_GeneratorOperation_Definition,12404,Variable
PumpType_Events_SupervisionPumpOperation_Leakage_Definition,12405,Variable
SupervisionPumpOperationType_OperationFault_Definition,12406,Variable
PumpType_Events_SupervisionPumpOperation_Lubricant_Definition,12407,Variable
PumpType_Events_SupervisionPumpOperation_MaximumNumberStarts_Definition,12408,Variable
SupervisionPumpOperationType_OverLoad_Definition,12409,Variable
PumpType_Events_SupervisionPumpOperation_MaximumOperationTime_Definition,12410,Variable
PumpType_Events_SupervisionPumpOperation_MaximumStartsAtTime_Definition,12411,Variable
SupervisionPumpOperationType_OverSpeed_Definition,12412,Variable
PumpType_Events_SupervisionPumpOperation_MotorHumidity_Definition,12413,Variable
PumpType_Events_SupervisionPumpOperation_MotorOverheat_Definition,12414,Variable
SupervisionPumpOperationType_PartialLoad_Definition,12415,Variable
PumpType_Events_SupervisionPumpOperation_OperationFault_Definition,12416,Variable
PumpType_Events_SupervisionPumpOperation_OverLoad_Definition,12417,Variable
SupervisionPumpOperationType_Synchronisation_Definition,12418,Variable
PumpType_Events_SupervisionPumpOperation_OverSpeed_Definition,12419,Variable
PumpType_Events_SupervisionPumpOperation_PartialLoad_Definition,12420,Variable
SupervisionPumpOperationType_TemperatureFault_Definition,12421,Variable
PumpType_Events_SupervisionPumpOperation_Synchronisation_Definition,12422,Variable
PumpType_Events_SupervisionPumpOperation_TMSFailure_Definition,12423,Variable
SupervisionPumpOperationType_TimeOut_Definition,12424,Variable
PumpType_Events_SupervisionPumpOperation_TemperatureFault_Definition,12425,Variable
PumpType_Events_SupervisionPumpOperation_TimeOut_Definition,12426,Variable
SupervisionPumpOperationType_TMSFailure_Definition,12427,Variable
PumpType_Events_SupervisionPumpOperation_TorqueLimit_Definition,12428,Variable
PumpType_Events_SupervisionPumpOperation_TurbineOperation_Definition,12429,Variable
SupervisionPumpOperationType_TorqueLimit_Definition,12430,Variable
PumpType_Events_SupervisionPumpOperation_UnderSpeed_Definition,12431,Variable
PumpType_Events_SupervisionPumpOperation_VelocityLimit_Definition,12432,Variable
SupervisionPumpOperationType_TurbineOperation_Definition,12433,Variable
PumpType_Events_SupervisionPumpOperation_WearReserveExhausted_Definition,12434,Variable
PumpType_Events_SupervisionSoftware_Application_Definition,12435,Variable
SupervisionPumpOperationType_UnderSpeed_Definition,12436,Variable
PumpType_Events_SupervisionSoftware_Communication_Definition,12437,Variable
PumpType_Events_SupervisionSoftware_Control_Definition,12438,Variable
SupervisionPumpOperationType_VelocityLimit_Definition,12439,Variable
PumpType_Events_SupervisionSoftware_Memory_Definition,12440,Variable
PumpType_Events_SupervisionSoftware_OS_Definition,12441,Variable
SupervisionPumpOperationType_WearReserveExhausted_Definition,12442,Variable
PumpType_Events_SupervisionSoftware_Parameter_Definition,12443,Variable
PumpType_Events_SupervisionSoftware_SoftwareFault_Definition,12444,Variable
SupervisionSoftwareType_Application_Definition,12445,Variable
PumpType_Events_SupervisionSoftware_SoftwareReset_Definition,12446,Variable
OperationalGroupType_Measurements_BearingTemperature,12447,Variable
SupervisionSoftwareType_Communication_Definition,12448,Variable
PumpType_Operational_Measurements_ClearanceFlow_EURange,12449,Variable
OperationalGroupType_Measurements_ClearanceFlow,12450,Variable
SupervisionSoftwareType_Control_Definition,12451,Variable
OperationalGroupType_Measurements_Density_EngineeringUnits,12452,Variable
OperationalGroupType_Measurements_CoolantTemperature,12453,Variable
SupervisionSoftwareType_Memory_Definition,12454,Variable
OperationalGroupType_Measurements_Density_EURange,12455,Variable
OperationalGroupType_Measurements_Density,12456,Variable
SupervisionSoftwareType_OS_Definition,12457,Variable
PumpType_Operational_Measurements_Density_Definition,12458,Variable
OperationalGroupType_Measurements_DifferentialPressure,12459,Variable
SupervisionSoftwareType_Parameter_Definition,12460,Variable
PumpType_Operational_Measurements_Density_EngineeringUnits,12461,Variable
OperationalGroupType_Measurements_DynamicViscosity,12462,Variable
SupervisionSoftwareType_SoftwareFault_Definition,12463,Variable
PumpType_Operational_Measurements_Density_EURange,12464,Variable
OperationalGroupType_Measurements_ElectronicTemperature,12465,Variable
SupervisionSoftwareType_SoftwareReset_Definition,12466,Variable
MeasurementsType_DifferentialPressure_Definition,12467,Variable
OperationalGroupType_Measurements_FluidTemperature,12468,Variable
OperationalGroupType_Signals_StandBy_OnOffCycle,12469,Variable
OperationalGroupType_Signals_StandBy_OnOffCycle_Definition,12470,Variable
OperationalGroupType_Signals_StandBy_OnOffCycle_EngineeringUnits,12471,Variable
OperationalGroupType_Signals_StandBy_OnOffCycle_EURange,12472,Variable
OperationalGroupType_Signals_StandBy_Status,12473,Variable
OperationalGroupType_Signals_StandBy_Status_Definition,12474,Variable
OperationalGroupType_Signals_StandBy_Status_FalseState,12475,Variable
OperationalGroupType_Signals_StandBy_Status_TrueState,12476,Variable
OperationalGroupType_Signals_Acceleration_OnOffCycle,12477,Variable
OperationalGroupType_Signals_Acceleration_OnOffCycle_Definition,12478,Variable
OperationalGroupType_Signals_Acceleration_OnOffCycle_EngineeringUnits,12479,Variable
OperationalGroupType_Signals_Acceleration_OnOffCycle_EURange,12480,Variable
OperationalGroupType_Signals_Acceleration_Status,12481,Variable
OperationalGroupType_Signals_Acceleration_Status_Definition,12482,Variable
OperationalGroupType_Signals_Acceleration_Status_FalseState,12483,Variable
OperationalGroupType_Signals_Acceleration_Status_TrueState,12484,Variable
OperationalGroupType_Signals_CleanValveOpen_OnOffCycle,12485,Variable
OperationalGroupType_Signals_CleanValveOpen_OnOffCycle_Definition,12486,Variable
OperationalGroupType_Signals_CleanValveOpen_OnOffCycle_EngineeringUnits,12487,Variable
OperationalGroupType_Signals_CleanValveOpen_OnOffCycle_EURange,12488,Variable
OperationalGroupType_Signals_CleanValveOpen_Status,12489,Variable
OperationalGroupType_Signals_CleanValveOpen_Status_Definition,12490,Variable
OperationalGroupType_Signals_CleanValveOpen_Status_FalseState,12491,Variable
OperationalGroupType_Signals_CleanValveOpen_Status_TrueState,12492,Variable
OperationalGroupType_Signals_FlushValveOpen_OnOffCycle,12493,Variable
OperationalGroupType_Signals_FlushValveOpen_OnOffCycle_Definition,12494,Variable
OperationalGroupType_Signals_FlushValveOpen_OnOffCycle_EngineeringUnits,12495,Variable
OperationalGroupType_Signals_FlushValveOpen_OnOffCycle_EURange,12496,Variable
OperationalGroupType_Signals_FlushValveOpen_Status,12497,Variable
OperationalGroupType_Signals_FlushValveOpen_Status_Definition,12498,Variable
OperationalGroupType_Signals_FlushValveOpen_Status_FalseState,12499,Variable
OperationalGroupType_Signals_FlushValveOpen_Status_TrueState,12500,Variable
OperationalGroupType_Signals_GasDilValveOpen_OnOffCycle,12501,Variable
OperationalGroupType_Signals_GasDilValveOpen_OnOffCycle_Definition,12502,Variable
OperationalGroupType_Signals_GasDilValveOpen_OnOffCycle_EngineeringUnits,12503,Variable
OperationalGroupType_Signals_GasDilValveOpen_OnOffCycle_EURange,12504,Variable
OperationalGroupType_Signals_GasDilValveOpen_Status,12505,Variable
OperationalGroupType_Signals_GasDilValveOpen_Status_Definition,12506,Variable
OperationalGroupType_Signals_GasDilValveOpen_Status_FalseState,12507,Variable
OperationalGroupType_Signals_GasDilValveOpen_Status_TrueState,12508,Variable
OperationalGroupType_Signals_InletValveOpen_OnOffCycle,12509,Variable
OperationalGroupType_Signals_InletValveOpen_OnOffCycle_Definition,12510,Variable
OperationalGroupType_Signals_InletValveOpen_OnOffCycle_EngineeringUnits,12511,Variable
OperationalGroupType_Signals_InletValveOpen_OnOffCycle_EURange,12512,Variable
OperationalGroupType_Signals_InletValveOpen_Status,12513,Variable
OperationalGroupType_Signals_InletValveOpen_Status_Definition,12514,Variable
OperationalGroupType_Signals_InletValveOpen_Status_FalseState,12515,Variable
OperationalGroupType_Signals_InletValveOpen_Status_TrueState,12516,Variable
OperationalGroupType_Signals_NoRotation_OnOffCycle,12517,Variable
OperationalGroupType_Signals_NoRotation_OnOffCycle_Definition,12518,Variable
OperationalGroupType_Signals_NoRotation_OnOffCycle_EngineeringUnits,12519,Variable
OperationalGroupType_Signals_NoRotation_OnOffCycle_EURange,12520,Variable
OperationalGroupType_Signals_NoRotation_Status,12521,Variable
OperationalGroupType_Signals_NoRotation_Status_Definition,12522,Variable
OperationalGroupType_Signals_NoRotation_Status_FalseState,12523,Variable
OperationalGroupType_Signals_NoRotation_Status_TrueState,12524,Variable
OperationalGroupType_Signals_OutletValveOpen_OnOffCycle,12525,Variable
OperationalGroupType_Signals_OutletValveOpen_OnOffCycle_Definition,12526,Variable
OperationalGroupType_Signals_OutletValveOpen_OnOffCycle_EngineeringUnits,12527,Variable
OperationalGroupType_Signals_OutletValveOpen_OnOffCycle_EURange,12528,Variable
OperationalGroupType_Signals_OutletValveOpen_Status,12529,Variable
OperationalGroupType_Signals_OutletValveOpen_Status_Definition,12530,Variable
OperationalGroupType_Signals_OutletValveOpen_Status_FalseState,12531,Variable
OperationalGroupType_Signals_OutletValveOpen_Status_TrueState,12532,Variable
OperationalGroupType_Signals_ProcessIsActive_OnOffCycle,12533,Variable
OperationalGroupType_Signals_ProcessIsActive_OnOffCycle_Definition,12534,Variable
OperationalGroupType_Signals_ProcessIsActive_OnOffCycle_EngineeringUnits,12535,Variable
OperationalGroupType_Signals_ProcessIsActive_OnOffCycle_EURange,12536,Variable
OperationalGroupType_Signals_ProcessIsActive_Status,12537,Variable
OperationalGroupType_Signals_ProcessIsActive_Status_Definition,12538,Variable
OperationalGroupType_Signals_ProcessIsActive_Status_FalseState,12539,Variable
OperationalGroupType_Signals_ProcessIsActive_Status_TrueState,12540,Variable
OperationalGroupType_Signals_PumpActivation_OnOffCycle,12541,Variable
OperationalGroupType_Signals_PumpActivation_OnOffCycle_Definition,12542,Variable
OperationalGroupType_Signals_PumpActivation_OnOffCycle_EngineeringUnits,12543,Variable
OperationalGroupType_Signals_PumpActivation_OnOffCycle_EURange,12544,Variable
OperationalGroupType_Signals_PumpActivation_Status,12545,Variable
OperationalGroupType_Signals_PumpActivation_Status_Definition,12546,Variable
OperationalGroupType_Signals_PumpActivation_Status_FalseState,12547,Variable
OperationalGroupType_Signals_PumpActivation_Status_TrueState,12548,Variable
OperationalGroupType_Signals_PumpDirection_OnOffCycle,12549,Variable
OperationalGroupType_Signals_PumpDirection_OnOffCycle_Definition,12550,Variable
OperationalGroupType_Signals_PumpDirection_OnOffCycle_EngineeringUnits,12551,Variable
OperationalGroupType_Signals_PumpDirection_OnOffCycle_EURange,12552,Variable
OperationalGroupType_Signals_PumpDirection_Status,12553,Variable
OperationalGroupType_Signals_PumpDirection_Status_Definition,12554,Variable
OperationalGroupType_Signals_PumpDirection_Status_FalseState,12555,Variable
OperationalGroupType_Signals_PumpDirection_Status_TrueState,12556,Variable
OperationalGroupType_Signals_PumpOperation_OnOffCycle,12557,Variable
OperationalGroupType_Signals_PumpOperation_OnOffCycle_Definition,12558,Variable
OperationalGroupType_Signals_PumpOperation_OnOffCycle_EngineeringUnits,12559,Variable
OperationalGroupType_Signals_PumpOperation_OnOffCycle_EURange,12560,Variable
OperationalGroupType_Signals_PumpOperation_Status,12561,Variable
OperationalGroupType_Signals_PumpOperation_Status_Definition,12562,Variable
OperationalGroupType_Signals_PumpOperation_Status_FalseState,12563,Variable
OperationalGroupType_Signals_PumpOperation_Status_TrueState,12564,Variable
OperationalGroupType_Signals_PumpPowerMax_OnOffCycle,12565,Variable
OperationalGroupType_Signals_PumpPowerMax_OnOffCycle_Definition,12566,Variable
OperationalGroupType_Signals_PumpPowerMax_OnOffCycle_EngineeringUnits,12567,Variable
OperationalGroupType_Signals_PumpPowerMax_OnOffCycle_EURange,12568,Variable
OperationalGroupType_Signals_PumpPowerMax_Status,12569,Variable
OperationalGroupType_Signals_PumpPowerMax_Status_Definition,12570,Variable
OperationalGroupType_Signals_PumpPowerMax_Status_FalseState,12571,Variable
OperationalGroupType_Signals_PumpPowerMax_Status_TrueState,12572,Variable
OperationalGroupType_Signals_PumpSpeedMax_OnOffCycle,12573,Variable
OperationalGroupType_Signals_PumpSpeedMax_OnOffCycle_Definition,12574,Variable
OperationalGroupType_Signals_PumpSpeedMax_OnOffCycle_EngineeringUnits,12575,Variable
OperationalGroupType_Signals_PumpSpeedMax_OnOffCycle_EURange,12576,Variable
OperationalGroupType_Signals_PumpSpeedMax_Status,12577,Variable
OperationalGroupType_Signals_PumpSpeedMax_Status_Definition,12578,Variable
OperationalGroupType_Signals_PumpSpeedMax_Status_FalseState,12579,Variable
OperationalGroupType_Signals_PumpSpeedMax_Status_TrueState,12580,Variable
OperationalGroupType_Signals_PumpSpeedMin_OnOffCycle,12581,Variable
OperationalGroupType_Signals_PumpSpeedMin_OnOffCycle_Definition,12582,Variable
OperationalGroupType_Signals_PumpSpeedMin_OnOffCycle_EngineeringUnits,12583,Variable
OperationalGroupType_Signals_PumpSpeedMin_OnOffCycle_EURange,12584,Variable
OperationalGroupType_Signals_PumpSpeedMin_Status,12585,Variable
OperationalGroupType_Signals_PumpSpeedMin_Status_Definition,12586,Variable
OperationalGroupType_Signals_PumpSpeedMin_Status_FalseState,12587,Variable
OperationalGroupType_Signals_PumpSpeedMin_Status_TrueState,12588,Variable
OperationalGroupType_Signals_PurgeValveOpen_OnOffCycle,12589,Variable
OperationalGroupType_Signals_PurgeValveOpen_OnOffCycle_Definition,12590,Variable
OperationalGroupType_Signals_PurgeValveOpen_OnOffCycle_EngineeringUnits,12591,Variable
OperationalGroupType_Signals_PurgeValveOpen_OnOffCycle_EURange,12592,Variable
OperationalGroupType_Signals_PurgeValveOpen_Status,12593,Variable
OperationalGroupType_Signals_PurgeValveOpen_Status_Definition,12594,Variable
OperationalGroupType_Signals_PurgeValveOpen_Status_FalseState,12595,Variable
OperationalGroupType_Signals_PurgeValveOpen_Status_TrueState,12596,Variable
OperationalGroupType_Signals_RatedSpeed_OnOffCycle,12597,Variable
OperationalGroupType_Signals_RatedSpeed_OnOffCycle_Definition,12598,Variable
OperationalGroupType_Signals_RatedSpeed_OnOffCycle_EngineeringUnits,12599,Variable
OperationalGroupType_Signals_RatedSpeed_OnOffCycle_EURange,12600,Variable
OperationalGroupType_Signals_RatedSpeed_Status,12601,Variable
OperationalGroupType_Signals_RatedSpeed_Status_Definition,12602,Variable
OperationalGroupType_Signals_RatedSpeed_Status_FalseState,12603,Variable
OperationalGroupType_Signals_RatedSpeed_Status_TrueState,12604,Variable
OperationalGroupType_Signals_StandBySpeed_OnOffCycle,12605,Variable
OperationalGroupType_Signals_StandBySpeed_OnOffCycle_Definition,12606,Variable
OperationalGroupType_Signals_StandBySpeed_OnOffCycle_EngineeringUnits,12607,Variable
OperationalGroupType_Signals_StandBySpeed_OnOffCycle_EURange,12608,Variable
OperationalGroupType_Signals_StandBySpeed_Status,12609,Variable
OperationalGroupType_Signals_StandBySpeed_Status_Definition,12610,Variable
OperationalGroupType_Signals_StandBySpeed_Status_FalseState,12611,Variable
OperationalGroupType_Signals_StandBySpeed_Status_TrueState,12612,Variable
OperationalGroupType_Signals_TargetSpeed_OnOffCycle,12613,Variable
OperationalGroupType_Signals_TargetSpeed_OnOffCycle_Definition,12614,Variable
OperationalGroupType_Signals_TargetSpeed_OnOffCycle_EngineeringUnits,12615,Variable
OperationalGroupType_Signals_TargetSpeed_OnOffCycle_EURange,12616,Variable
OperationalGroupType_Signals_TargetSpeed_Status,12617,Variable
OperationalGroupType_Signals_TargetSpeed_Status_Definition,12618,Variable
OperationalGroupType_Signals_TargetSpeed_Status_FalseState,12619,Variable
OperationalGroupType_Signals_TargetSpeed_Status_TrueState,12620,Variable
OperationalGroupType_Signals_VentValveOpen_OnOffCycle,12621,Variable
OperationalGroupType_Signals_VentValveOpen_OnOffCycle_Definition,12622,Variable
OperationalGroupType_Signals_VentValveOpen_OnOffCycle_EngineeringUnits,12623,Variable
OperationalGroupType_Signals_VentValveOpen_OnOffCycle_EURange,12624,Variable
OperationalGroupType_Signals_VentValveOpen_Status,12625,Variable
OperationalGroupType_Signals_VentValveOpen_Status_Definition,12626,Variable
OperationalGroupType_Signals_VentValveOpen_Status_FalseState,12627,Variable
OperationalGroupType_Signals_VentValveOpen_Status_TrueState,12628,Variable
OperationalGroupType_Signals_Deceleration_OnOffCycle,12629,Variable
OperationalGroupType_Signals_Deceleration_OnOffCycle_Definition,12630,Variable
OperationalGroupType_Signals_Deceleration_OnOffCycle_EngineeringUnits,12631,Variable
OperationalGroupType_Signals_Deceleration_OnOffCycle_EURange,12632,Variable
OperationalGroupType_Signals_Deceleration_Status,12633,Variable
OperationalGroupType_Signals_Deceleration_Status_Definition,12634,Variable
OperationalGroupType_Signals_Deceleration_Status_FalseState,12635,Variable
OperationalGroupType_Signals_Deceleration_Status_TrueState,12636,Variable
MeasurementsType_BackPressure,12637,Variable
MeasurementsType_DifferentialPressure_EURange,12638,Variable
MeasurementsType_BearingTemperature,12639,Variable
MeasurementsType_DifferentialPressure_EngineeringUnits,12640,Variable
MeasurementsType_ClearanceFlow,12641,Variable
OperationalGroupType_Measurements_DifferentialPressure_Definition,12642,Variable
MeasurementsType_CoolantTemperature,12643,Variable
OperationalGroupType_Measurements_DifferentialPressure_EngineeringUnits,12644,Variable
MeasurementsType_Density,12645,Variable
OperationalGroupType_Measurements_DifferentialPressure_EURange,12646,Variable
MeasurementsType_DifferentialPressure,12647,Variable
PumpType_Operational_Measurements_DifferentialPressure_Definition,12648,Variable
MeasurementsType_DynamicViscosity,12649,Variable
PumpType_Operational_Measurements_DifferentialPressure_EngineeringUnits,12650,Variable
MeasurementsType_ElectronicTemperature,12651,Variable
PumpType_Operational_Measurements_DifferentialPressure_EURange,12652,Variable
MeasurementsType_FluidTemperature,12653,Variable
MeasurementsType_DynamicViscosity_Definition,12654,Variable
MeasurementsType_HousingTemperature,12655,Variable
MeasurementsType_DynamicViscosity_EURange,12656,Variable
MeasurementsType_HydraulicEfficiency,12657,Variable
MeasurementsType_DynamicViscosity_EngineeringUnits,12658,Variable
MeasurementsType_InletPressureOfTheInstallation,12659,Variable
OperationalGroupType_Measurements_DynamicViscosity_Definition,12660,Variable
MeasurementsType_InstallationTotalHead,12661,Variable
OperationalGroupType_Measurements_DynamicViscosity_EngineeringUnits,12662,Variable
MeasurementsType_KinematicViscosity,12663,Variable
OperationalGroupType_Measurements_DynamicViscosity_EURange,12664,Variable
MeasurementsType_Level,12665,Variable
PumpType_Operational_Measurements_DynamicViscosity_Definition,12666,Variable
MeasurementsType_LeakageRateOfFlow,12667,Variable
PumpType_Operational_Measurements_DynamicViscosity_EngineeringUnits,12668,Variable
MeasurementsType_LubricatingOilConsumption,12669,Variable
PumpType_Operational_Measurements_DynamicViscosity_EURange,12670,Variable
MeasurementsType_LubricatingOilPressure,12671,Variable
MeasurementsType_ElectronicTemperature_Definition,12672,Variable
MeasurementsType_MassFlow,12673,Variable
MeasurementsType_ElectronicTemperature_EURange,12674,Variable
MeasurementsType_MeanVelocityAtThroat,12675,Variable
MeasurementsType_ElectronicTemperature_EngineeringUnits,12676,Variable
MeasurementsType_MechanicalEfficiency,12677,Variable
OperationalGroupType_Measurements_ElectronicTemperature_Definition,12678,Variable
MeasurementsType_NetPositiveInletPressure,12679,Variable
OperationalGroupType_Measurements_ElectronicTemperature_EngineeringUnits,12680,Variable
MeasurementsType_NetPositiveSuctionHead,12681,Variable
OperationalGroupType_Measurements_ElectronicTemperature_EURange,12682,Variable
MeasurementsType_NumberOfStarts,12683,Variable
PumpType_Operational_Measurements_ElectronicTemperature_Definition,12684,Variable
MeasurementsType_OutletPressureOfTheInstallation,12685,Variable
PumpType_Operational_Measurements_ElectronicTemperature_EngineeringUnits,12686,Variable
MeasurementsType_OverallEfficiency,12687,Variable
PumpType_Operational_Measurements_ElectronicTemperature_EURange,12688,Variable
MeasurementsType_PowerLossDueToInternalLeakage,12689,Variable
MeasurementsType_FluidTemperature_Definition,12690,Variable
MeasurementsType_ProcessPressure,12691,Variable
MeasurementsType_FluidTemperature_EURange,12692,Variable
MeasurementsType_PumpEfficiency,12693,Variable
MeasurementsType_FluidTemperature_EngineeringUnits,12694,Variable
MeasurementsType_PumpHumidity,12695,Variable
OperationalGroupType_Measurements_FluidTemperature_Definition,12696,Variable
MeasurementsType_PumpPowerInput,12697,Variable
OperationalGroupType_Measurements_FluidTemperature_EngineeringUnits,12698,Variable
MeasurementsType_PumpPowerOutput,12699,Variable
OperationalGroupType_Measurements_FluidTemperature_EURange,12700,Variable
MeasurementsType_PumpTemperature,12701,Variable
PumpType_Operational_Measurements_FluidTemperature_Definition,12702,Variable
MeasurementsType_PumpTotalHead,12703,Variable
PumpType_Operational_Measurements_FluidTemperature_EngineeringUnits,12704,Variable
MeasurementsType_RadialLoadOfPumpRotor,12705,Variable
PumpType_Operational_Measurements_FluidTemperature_EURange,12706,Variable
MeasurementsType_SoundEnergy,12707,Variable
MeasurementsType_HousingTemperature_Definition,12708,Variable
MeasurementsType_SoundEnergyLevel,12709,Variable
MeasurementsType_HousingTemperature_EURange,12710,Variable
MeasurementsType_SoundPower,12711,Variable
MeasurementsType_HousingTemperature_EngineeringUnits,12712,Variable
MeasurementsType_SoundPowerLevel,12713,Variable
OperationalGroupType_Measurements_HousingTemperature_Definition,12714,Variable
MeasurementsType_SoundPressure,12715,Variable
OperationalGroupType_Measurements_HousingTemperature_EngineeringUnits,12716,Variable
MeasurementsType_SoundPressureLevel,12717,Variable
OperationalGroupType_Measurements_HousingTemperature_EURange,12718,Variable
MeasurementsType_Speed,12719,Variable
PumpType_Operational_Measurements_HousingTemperature_Definition,12720,Variable
MeasurementsType_Throughput,12721,Variable
PumpType_Operational_Measurements_HousingTemperature_EngineeringUnits,12722,Variable
MeasurementsType_TotalHeadAtInletAreaOfTheInstallation,12723,Variable
PumpType_Operational_Measurements_HousingTemperature_EURange,12724,Variable
MeasurementsType_TotalHeadAtOutletAreaOfTheInstallation,12725,Variable
MeasurementsType_HydraulicEfficiency_Definition,12726,Variable
MeasurementsType_VolumetricEfficiency,12727,Variable
MeasurementsType_HydraulicEfficiency_EURange,12728,Variable
MeasurementsType_HydraulicEfficiency_EngineeringUnits,12729,Variable
OperationalGroupType_Measurements_HydraulicEfficiency_Definition,12730,Variable
OperationalGroupType_Measurements_HydraulicEfficiency_EngineeringUnits,12731,Variable
OperationalGroupType_Measurements_HydraulicEfficiency_EURange,12732,Variable
PumpType_Operational_Measurements_HydraulicEfficiency_Definition,12733,Variable
PumpType_Operational_Measurements_HydraulicEfficiency_EngineeringUnits,12734,Variable
PumpType_Operational_Measurements_HydraulicEfficiency_EURange,12735,Variable
MeasurementsType_InletPressureOfTheInstallation_Definition,12736,Variable
MeasurementsType_InletPressureOfTheInstallation_EURange,12737,Variable
MeasurementsType_InletPressureOfTheInstallation_EngineeringUnits,12738,Variable
OperationalGroupType_Measurements_InletPressureOfTheInstallation_Definition,12739,Variable
OperationalGroupType_Measurements_InletPressureOfTheInstallation_EngineeringUnits,12740,Variable
OperationalGroupType_Measurements_InletPressureOfTheInstallation_EURange,12741,Variable
PumpType_Operational_Measurements_InletPressureOfTheInstallation_Definition,12742,Variable
PumpType_Operational_Measurements_InletPressureOfTheInstallation_EngineeringUnits,12743,Variable
PumpType_Operational_Measurements_InletPressureOfTheInstallation_EURange,12744,Variable
MeasurementsType_InstallationTotalHead_Definition,12745,Variable
MeasurementsType_InstallationTotalHead_EURange,12746,Variable
MeasurementsType_InstallationTotalHead_EngineeringUnits,12747,Variable
OperationalGroupType_Measurements_InstallationTotalHead_Definition,12748,Variable
OperationalGroupType_Measurements_InstallationTotalHead_EngineeringUnits,12749,Variable
OperationalGroupType_Measurements_InstallationTotalHead_EURange,12750,Variable
PumpType_Operational_Measurements_InstallationTotalHead_Definition,12751,Variable
PumpType_Operational_Measurements_InstallationTotalHead_EngineeringUnits,12752,Variable
PumpType_Operational_Measurements_InstallationTotalHead_EURange,12753,Variable
MeasurementsType_KinematicViscosity_Definition,12754,Variable
MeasurementsType_KinematicViscosity_EURange,12755,Variable
MeasurementsType_KinematicViscosity_EngineeringUnits,12756,Variable
OperationalGroupType_Measurements_KinematicViscosity_Definition,12757,Variable
OperationalGroupType_Measurements_KinematicViscosity_EngineeringUnits,12758,Variable
OperationalGroupType_Measurements_KinematicViscosity_EURange,12759,Variable
PumpType_Operational_Measurements_KinematicViscosity_Definition,12760,Variable
PumpType_Operational_Measurements_KinematicViscosity_EngineeringUnits,12761,Variable
PumpType_Operational_Measurements_KinematicViscosity_EURange,12762,Variable
MeasurementsType_LeakageRateOfFlow_Definition,12763,Variable
MeasurementsType_LeakageRateOfFlow_EURange,12764,Variable
MeasurementsType_LeakageRateOfFlow_EngineeringUnits,12765,Variable
OperationalGroupType_Measurements_LeakageRateOfFlow_Definition,12766,Variable
OperationalGroupType_Measurements_LeakageRateOfFlow_EngineeringUnits,12767,Variable
OperationalGroupType_Measurements_LeakageRateOfFlow_EURange,12768,Variable
PumpType_Operational_Measurements_LeakageRateOfFlow_Definition,12769,Variable
PumpType_Operational_Measurements_LeakageRateOfFlow_EngineeringUnits,12770,Variable
PumpType_Operational_Measurements_LeakageRateOfFlow_EURange,12771,Variable
MeasurementsType_Level_Definition,12772,Variable
MeasurementsType_Level_EURange,12773,Variable
MeasurementsType_Level_EngineeringUnits,12774,Variable
OperationalGroupType_Measurements_Level_Definition,12775,Variable
OperationalGroupType_Measurements_Level_EngineeringUnits,12776,Variable
OperationalGroupType_Measurements_Level_EURange,12777,Variable
PumpType_Operational_Measurements_Level_Definition,12778,Variable
PumpType_Operational_Measurements_Level_EngineeringUnits,12779,Variable
PumpType_Operational_Measurements_Level_EURange,12780,Variable
MeasurementsType_LubricatingOilConsumption_Definition,12781,Variable
MeasurementsType_LubricatingOilConsumption_EURange,12782,Variable
MeasurementsType_LubricatingOilConsumption_EngineeringUnits,12783,Variable
OperationalGroupType_Measurements_LubricatingOilConsumption_Definition,12784,Variable
OperationalGroupType_Measurements_LubricatingOilConsumption_EngineeringUnits,12785,Variable
OperationalGroupType_Measurements_LubricatingOilConsumption_EURange,12786,Variable
PumpType_Operational_Measurements_LubricatingOilConsumption_Definition,12787,Variable
PumpType_Operational_Measurements_LubricatingOilConsumption_EngineeringUnits,12788,Variable
PumpType_Operational_Measurements_LubricatingOilConsumption_EURange,12789,Variable
MeasurementsType_LubricatingOilPressure_Definition,12790,Variable
MeasurementsType_LubricatingOilPressure_EURange,12791,Variable
MeasurementsType_LubricatingOilPressure_EngineeringUnits,12792,Variable
OperationalGroupType_Measurements_LubricatingOilPressure_Definition,12793,Variable
OperationalGroupType_Measurements_LubricatingOilPressure_EngineeringUnits,12794,Variable
OperationalGroupType_Measurements_LubricatingOilPressure_EURange,12795,Variable
PumpType_Operational_Measurements_LubricatingOilPressure_Definition,12796,Variable
PumpType_Operational_Measurements_LubricatingOilPressure_EngineeringUnits,12797,Variable
PumpType_Operational_Measurements_LubricatingOilPressure_EURange,12798,Variable
MeasurementsType_MassFlow_Definition,12799,Variable
MeasurementsType_MassFlow_EURange,12800,Variable
MeasurementsType_MassFlow_EngineeringUnits,12801,Variable
OperationalGroupType_Measurements_MassFlow_Definition,12802,Variable
OperationalGroupType_Measurements_MassFlow_EngineeringUnits,12803,Variable
OperationalGroupType_Measurements_MassFlow_EURange,12804,Variable
PumpType_Operational_Measurements_MassFlow_Definition,12805,Variable
PumpType_Operational_Measurements_MassFlow_EngineeringUnits,12806,Variable
PumpType_Operational_Measurements_MassFlow_EURange,12807,Variable
MeasurementsType_MeanVelocityAtThroat_Definition,12808,Variable
MeasurementsType_MeanVelocityAtThroat_EURange,12809,Variable
MeasurementsType_MeanVelocityAtThroat_EngineeringUnits,12810,Variable
OperationalGroupType_Measurements_MeanVelocityAtThroat_Definition,12811,Variable
OperationalGroupType_Measurements_MeanVelocityAtThroat_EngineeringUnits,12812,Variable
OperationalGroupType_Measurements_MeanVelocityAtThroat_EURange,12813,Variable
PumpType_Operational_Measurements_MeanVelocityAtThroat_Definition,12814,Variable
PumpType_Operational_Measurements_MeanVelocityAtThroat_EngineeringUnits,12815,Variable
PumpType_Operational_Measurements_MeanVelocityAtThroat_EURange,12816,Variable
MeasurementsType_MechanicalEfficiency_Definition,12817,Variable
MeasurementsType_MechanicalEfficiency_EURange,12818,Variable
MeasurementsType_MechanicalEfficiency_EngineeringUnits,12819,Variable
OperationalGroupType_Measurements_MechanicalEfficiency_Definition,12820,Variable
OperationalGroupType_Measurements_MechanicalEfficiency_EngineeringUnits,12821,Variable
OperationalGroupType_Measurements_MechanicalEfficiency_EURange,12822,Variable
PumpType_Operational_Measurements_MechanicalEfficiency_Definition,12823,Variable
PumpType_Operational_Measurements_MechanicalEfficiency_EngineeringUnits,12824,Variable
PumpType_Operational_Measurements_MechanicalEfficiency_EURange,12825,Variable
MeasurementsType_NetPositiveInletPressure_Definition,12826,Variable
MeasurementsType_NetPositiveInletPressure_EURange,12827,Variable
MeasurementsType_NetPositiveInletPressure_EngineeringUnits,12828,Variable
OperationalGroupType_Measurements_NetPositiveInletPressure_Definition,12829,Variable
OperationalGroupType_Measurements_NetPositiveInletPressure_EngineeringUnits,12830,Variable
OperationalGroupType_Measurements_NetPositiveInletPressure_EURange,12831,Variable
PumpType_Operational_Measurements_NetPositiveInletPressure_Definition,12832,Variable
PumpType_Operational_Measurements_NetPositiveInletPressure_EngineeringUnits,12833,Variable
PumpType_Operational_Measurements_NetPositiveInletPressure_EURange,12834,Variable
MeasurementsType_NetPositiveSuctionHead_Definition,12835,Variable
MeasurementsType_NetPositiveSuctionHead_EURange,12836,Variable
MeasurementsType_NetPositiveSuctionHead_EngineeringUnits,12837,Variable
OperationalGroupType_Measurements_NetPositiveSuctionHead_Definition,12838,Variable
OperationalGroupType_Measurements_NetPositiveSuctionHead_EngineeringUnits,12839,Variable
OperationalGroupType_Measurements_NetPositiveSuctionHead_EURange,12840,Variable
PumpType_Operational_Measurements_NetPositiveSuctionHead_Definition,12841,Variable
PumpType_Operational_Measurements_NetPositiveSuctionHead_EngineeringUnits,12842,Variable
PumpType_Operational_Measurements_NetPositiveSuctionHead_EURange,12843,Variable
MeasurementsType_NumberOfStarts_Definition,12844,Variable
MeasurementsType_NumberOfStarts_EURange,12845,Variable
MeasurementsType_NumberOfStarts_EngineeringUnits,12846,Variable
OperationalGroupType_Measurements_NumberOfStarts_Definition,12847,Variable
OperationalGroupType_Measurements_NumberOfStarts_EngineeringUnits,12848,Variable
OperationalGroupType_Measurements_NumberOfStarts_EURange,12849,Variable
PumpType_Operational_Measurements_NumberOfStarts_Definition,12850,Variable
PumpType_Operational_Measurements_NumberOfStarts_EngineeringUnits,12851,Variable
PumpType_Operational_Measurements_NumberOfStarts_EURange,12852,Variable
MeasurementsType_OutletPressureOfTheInstallation_Definition,12853,Variable
MeasurementsType_OutletPressureOfTheInstallation_EURange,12854,Variable
MeasurementsType_OutletPressureOfTheInstallation_EngineeringUnits,12855,Variable
OperationalGroupType_Measurements_OutletPressureOfTheInstallation_Definition,12856,Variable
OperationalGroupType_Measurements_OutletPressureOfTheInstallation_EngineeringUnits,12857,Variable
OperationalGroupType_Measurements_OutletPressureOfTheInstallation_EURange,12858,Variable
PumpType_Operational_Measurements_OutletPressureOfTheInstallation_Definition,12859,Variable
PumpType_Operational_Measurements_OutletPressureOfTheInstallation_EngineeringUnits,12860,Variable
PumpType_Operational_Measurements_OutletPressureOfTheInstallation_EURange,12861,Variable
MeasurementsType_OverallEfficiency_Definition,12862,Variable
MeasurementsType_OverallEfficiency_EURange,12863,Variable
MeasurementsType_OverallEfficiency_EngineeringUnits,12864,Variable
OperationalGroupType_Measurements_OverallEfficiency_Definition,12865,Variable
OperationalGroupType_Measurements_OverallEfficiency_EngineeringUnits,12866,Variable
OperationalGroupType_Measurements_OverallEfficiency_EURange,12867,Variable
PumpType_Operational_Measurements_OverallEfficiency_Definition,12868,Variable
PumpType_Operational_Measurements_OverallEfficiency_EngineeringUnits,12869,Variable
PumpType_Operational_Measurements_OverallEfficiency_EURange,12870,Variable
MeasurementsType_PowerLossDueToInternalLeakage_Definition,12871,Variable
MeasurementsType_PowerLossDueToInternalLeakage_EURange,12872,Variable
MeasurementsType_PowerLossDueToInternalLeakage_EngineeringUnits,12873,Variable
OperationalGroupType_Measurements_PowerLossDueToInternalLeakage_Definition,12874,Variable
OperationalGroupType_Measurements_PowerLossDueToInternalLeakage_EngineeringUnits,12875,Variable
OperationalGroupType_Measurements_PowerLossDueToInternalLeakage_EURange,12876,Variable
PumpType_Operational_Measurements_PowerLossDueToInternalLeakage_Definition,12877,Variable
PumpType_Operational_Measurements_PowerLossDueToInternalLeakage_EngineeringUnits,12878,Variable
PumpType_Operational_Measurements_PowerLossDueToInternalLeakage_EURange,12879,Variable
MeasurementsType_ProcessPressure_Definition,12880,Variable
MeasurementsType_ProcessPressure_EURange,12881,Variable
MeasurementsType_ProcessPressure_EngineeringUnits,12882,Variable
OperationalGroupType_Measurements_ProcessPressure_Definition,12883,Variable
OperationalGroupType_Measurements_ProcessPressure_EngineeringUnits,12884,Variable
OperationalGroupType_Measurements_ProcessPressure_EURange,12885,Variable
PumpType_Operational_Measurements_ProcessPressure_Definition,12886,Variable
PumpType_Operational_Measurements_ProcessPressure_EngineeringUnits,12887,Variable
PumpType_Operational_Measurements_ProcessPressure_EURange,12888,Variable
MeasurementsType_PumpEfficiency_Definition,12889,Variable
MeasurementsType_PumpEfficiency_EURange,12890,Variable
MeasurementsType_PumpEfficiency_EngineeringUnits,12891,Variable
OperationalGroupType_Measurements_PumpEfficiency_Definition,12892,Variable
OperationalGroupType_Measurements_PumpEfficiency_EngineeringUnits,12893,Variable
OperationalGroupType_Measurements_PumpEfficiency_EURange,12894,Variable
PumpType_Operational_Measurements_PumpEfficiency_Definition,12895,Variable
PumpType_Operational_Measurements_PumpEfficiency_EngineeringUnits,12896,Variable
PumpType_Operational_Measurements_PumpEfficiency_EURange,12897,Variable
MeasurementsType_PumpHumidity_Definition,12898,Variable
MeasurementsType_PumpHumidity_EURange,12899,Variable
MeasurementsType_PumpHumidity_EngineeringUnits,12900,Variable
OperationalGroupType_Measurements_PumpHumidity_Definition,12901,Variable
OperationalGroupType_Measurements_PumpHumidity_EngineeringUnits,12902,Variable
OperationalGroupType_Measurements_PumpHumidity_EURange,12903,Variable
PumpType_Operational_Measurements_PumpHumidity_Definition,12904,Variable
PumpType_Operational_Measurements_PumpHumidity_EngineeringUnits,12905,Variable
PumpType_Operational_Measurements_PumpHumidity_EURange,12906,Variable
MeasurementsType_PumpPowerInput_Definition,12907,Variable
MeasurementsType_PumpPowerInput_EURange,12908,Variable
MeasurementsType_PumpPowerInput_EngineeringUnits,12909,Variable
OperationalGroupType_Measurements_PumpPowerInput_Definition,12910,Variable
OperationalGroupType_Measurements_PumpPowerInput_EngineeringUnits,12911,Variable
OperationalGroupType_Measurements_PumpPowerInput_EURange,12912,Variable
PumpType_Operational_Measurements_PumpPowerInput_Definition,12913,Variable
PumpType_Operational_Measurements_PumpPowerInput_EngineeringUnits,12914,Variable
PumpType_Operational_Measurements_PumpPowerInput_EURange,12915,Variable
MeasurementsType_PumpPowerOutput_Definition,12916,Variable
MeasurementsType_PumpPowerOutput_EURange,12917,Variable
MeasurementsType_PumpPowerOutput_EngineeringUnits,12918,Variable
OperationalGroupType_Measurements_PumpPowerOutput_Definition,12919,Variable
OperationalGroupType_Measurements_PumpPowerOutput_EngineeringUnits,12920,Variable
OperationalGroupType_Measurements_PumpPowerOutput_EURange,12921,Variable
PumpType_Operational_Measurements_PumpPowerOutput_Definition,12922,Variable
PumpType_Operational_Measurements_PumpPowerOutput_EngineeringUnits,12923,Variable
PumpType_Operational_Measurements_AmbientHumidity_Definition,12924,Variable
PumpType_Operational_Measurements_PumpPowerOutput_EURange,12925,Variable
OperationalGroupType_Measurements_HousingTemperature,12926,Variable
MeasurementsType_PumpTemperature_Definition,12927,Variable
PumpIdentificationType_DeviceClass,12928,Variable
GeneralMaintenanceType_OperatingTime,12949,Variable
PumpType_Maintenance_GeneralMaintenance_StateOfTheItem_Definition,12950,Variable
PumpType_Maintenance_GeneralMaintenance_MaintenanceLevel_Definition,12951,Variable
PumpType_Maintenance_GeneralMaintenance_ActiveMaintenanceTime_Definition,12952,Variable
PumpType_Maintenance_GeneralMaintenance_ActiveMaintenanceTime_EngineeringUnits,12953,Variable
PumpType_Maintenance_GeneralMaintenance_ActiveMaintenanceTime_EURange,12954,Variable
PumpType_Maintenance_GeneralMaintenance_FailureRate_Definition,12955,Variable
PumpType_Maintenance_GeneralMaintenance_FailureRate_EngineeringUnits,12956,Variable
PumpType_Maintenance_GeneralMaintenance_FailureRate_EURange,12957,Variable
PumpType_Maintenance_GeneralMaintenance_MaintenanceTime_Definition,12958,Variable
PumpType_Maintenance_GeneralMaintenance_MaintenanceTime_EngineeringUnits,12959,Variable
PumpType_Maintenance_GeneralMaintenance_MaintenanceTime_EURange,12960,Variable
PumpType_Maintenance_GeneralMaintenance_MeanOperatingTimeBetweenFailures_Definition,12961,Variable
PumpType_Maintenance_GeneralMaintenance_MeanOperatingTimeBetweenFailures_EngineeringUnits,12962,Variable
PumpType_Maintenance_GeneralMaintenance_MeanOperatingTimeBetweenFailures_EURange,12963,Variable
PumpType_Maintenance_GeneralMaintenance_MeanRepairTime_Definition,12964,Variable
PumpType_Maintenance_GeneralMaintenance_MeanRepairTime_EngineeringUnits,12965,Variable
PumpType_Maintenance_GeneralMaintenance_MeanRepairTime_EURange,12966,Variable
PumpType_Maintenance_GeneralMaintenance_MeanTimeToRestauration_Definition,12967,Variable
PumpType_Maintenance_GeneralMaintenance_MeanTimeToRestauration_EngineeringUnits,12968,Variable
PumpType_Maintenance_GeneralMaintenance_MeanTimeToRestauration_EURange,12969,Variable
PumpType_Maintenance_GeneralMaintenance_OperatingTimeBetweenFailures_Definition,12970,Variable
PumpType_Maintenance_GeneralMaintenance_OperatingTimeBetweenFailures_EngineeringUnits,12971,Variable
PumpType_Maintenance_GeneralMaintenance_OperatingTimeBetweenFailures_EURange,12972,Variable
PumpType_Maintenance_GeneralMaintenance_OperatingTimeToFailure_Definition,12973,Variable
PumpType_Maintenance_GeneralMaintenance_OperatingTimeToFailure_EngineeringUnits,12974,Variable
PumpType_Maintenance_GeneralMaintenance_OperatingTimeToFailure_EURange,12975,Variable
PumpType_Maintenance_GeneralMaintenance_RepairTime_Definition,12976,Variable
PumpType_Maintenance_GeneralMaintenance_RepairTime_EngineeringUnits,12977,Variable
PumpType_Maintenance_GeneralMaintenance_RepairTime_EURange,12978,Variable
PumpType_Maintenance_GeneralMaintenance_TimeBetweenFailures_Definition,12979,Variable
PumpType_Maintenance_GeneralMaintenance_TimeBetweenFailures_EngineeringUnits,12980,Variable
PumpType_Maintenance_GeneralMaintenance_TimeBetweenFailures_EURange,12981,Variable
PumpType_Maintenance_GeneralMaintenance_TimeToRestoration_Definition,12982,Variable
PumpType_Maintenance_GeneralMaintenance_TimeToRestoration_EngineeringUnits,12983,Variable
PumpType_Maintenance_GeneralMaintenance_TimeToRestoration_EURange,12984,Variable
PumpType_Maintenance_GeneralMaintenance_Obsolescence_Definition,12985,Variable
GeneralMaintenanceType_OperatingTime_Definition,12986,Variable
GeneralMaintenanceType_OperatingTime_EURange,12987,Variable
GeneralMaintenanceType_OperatingTime_EngineeringUnits,12988,Variable
PumpType_Documentation_Location_MimeType,12989,Variable
PumpType_Documentation_LogicDiagram_MimeType,12990,Variable
PumpType_Documentation_LubricationMap_MimeType,12991,Variable
PumpType_Documentation_MaintenanceManual_MimeType,12992,Variable
PumpType_Documentation_OperationManual_MimeType,12993,Variable
PumpType_Documentation_PipeAndInstrumentDiagram_MimeType,12994,Variable
PumpType_Documentation_SingleLineDiagram_MimeType,12995,Variable
PumpType_Documentation_TechnicalData_MimeType,12996,Variable
PumpType_Documentation_TestProgramReport_MimeType,12997,Variable
PumpType_Documentation_UnitMaintenanceReport_MimeType,12998,Variable
PumpType_Documentation_DuringMaintenanceServicesRendered_MimeType,12999,Variable
PumpType_Documentation_PersonnelRecording_MimeType,13000,Variable
PumpType_Documentation_Staff_MimeType,13001,Variable
PumpType_Documentation_ImplementationDescription_MimeType,13002,Variable
PumpType_Documentation_ScopeOfWork_MimeType,13003,Variable
PumpType_Documentation_SparePartReference_MimeType,13004,Variable
PumpType_Documentation_ArrangementsLink_Definition,13005,Variable
PumpType_Documentation_CertificatesLink_Definition,13006,Variable
PumpType_Documentation_CircuitDiagramLink_Definition,13007,Variable
PumpType_Documentation_ComponentsListLink_Definition,13008,Variable
PumpType_Documentation_DetailLink_Definition,13009,Variable
PumpType_Documentation_DuringMaintenanceServicesRenderedLink_Definition,13010,Variable
PumpType_Documentation_ImplementationDescriptionLink_Definition,13011,Variable
PumpType_Documentation_LayoutLink_Definition,13012,Variable
PumpType_Documentation_LocationLink_Definition,13013,Variable
PumpType_Documentation_LogicDiagramLink_Definition,13014,Variable
PumpType_Documentation_LubricationMapLink_Definition,13015,Variable
PumpType_Documentation_MaintenanceManualLink_Definition,13016,Variable
PumpType_Documentation_OperationManualLink_Definition,13017,Variable
PumpType_Documentation_PersonnelRecordingLink_Definition,13018,Variable
PumpType_Documentation_PipeAndInstrumentDiagramLink_Definition,13019,Variable
PumpType_Documentation_ScopeOfWorkLink_Definition,13020,Variable
PumpType_Documentation_SingleLineDiagramLink_Definition,13021,Variable
PumpType_Documentation_SparePartReferenceLink_Definition,13022,Variable
PumpType_Documentation_StaffLink_Definition,13023,Variable
PumpType_Documentation_TechnicalDataLink_Definition,13024,Variable
PumpType_Documentation_TestProgramReportLink_Definition,13025,Variable
PumpType_Documentation_UnitMaintenanceReportLink_Definition,13026,Variable
PumpType_Maintenance_ConditionBasedMaintenance_Availability_Definition,13027,Variable
PumpType_Maintenance_ConditionBasedMaintenance_Availability_EngineeringUnits,13028,Variable
PumpType_Maintenance_ConditionBasedMaintenance_Availability_EURange,13029,Variable
PumpType_Maintenance_ConditionBasedMaintenance_Durability_Definition,13030,Variable
PumpType_Maintenance_ConditionBasedMaintenance_Durability_EngineeringUnits,13031,Variable
PumpType_Maintenance_ConditionBasedMaintenance_Durability_EURange,13032,Variable
PumpType_Maintenance_ConditionBasedMaintenance_ExpectedReliability_Definition,13033,Variable
PumpType_Maintenance_ConditionBasedMaintenance_ExpectedReliability_EngineeringUnits,13034,Variable
PumpType_Maintenance_ConditionBasedMaintenance_ExpectedReliability_EURange,13035,Variable
PumpType_Maintenance_ConditionBasedMaintenance_InstantaneousAvailability_Definition,13036,Variable
PumpType_Maintenance_ConditionBasedMaintenance_InstantaneousAvailability_EngineeringUnits,13037,Variable
PumpType_Maintenance_ConditionBasedMaintenance_InstantaneousAvailability_EURange,13038,Variable
PumpType_Maintenance_ConditionBasedMaintenance_IntrinsicMaintainability_Definition,13039,Variable
PumpType_Maintenance_ConditionBasedMaintenance_IntrinsicMaintainability_EngineeringUnits,13040,Variable
PumpType_Maintenance_ConditionBasedMaintenance_IntrinsicMaintainability_EURange,13041,Variable
PumpType_Maintenance_ConditionBasedMaintenance_IntrinsicReliability_Definition,13042,Variable
PumpType_Maintenance_ConditionBasedMaintenance_IntrinsicReliability_EngineeringUnits,13043,Variable
PumpType_Maintenance_ConditionBasedMaintenance_IntrinsicReliability_EURange,13044,Variable
PumpType_Maintenance_ConditionBasedMaintenance_Maintainability_Definition,13045,Variable
PumpType_Maintenance_ConditionBasedMaintenance_Maintainability_EngineeringUnits,13046,Variable
PumpType_Maintenance_ConditionBasedMaintenance_Maintainability_EURange,13047,Variable
PumpType_Maintenance_ConditionBasedMaintenance_ProductionBasedAvailability_Definition,13048,Variable
PumpType_Maintenance_ConditionBasedMaintenance_ProductionBasedAvailability_EngineeringUnits,13049,Variable
PumpType_Maintenance_ConditionBasedMaintenance_ProductionBasedAvailability_EURange,13050,Variable
PumpType_Maintenance_ConditionBasedMaintenance_Reliability_Definition,13051,Variable
PumpType_Maintenance_ConditionBasedMaintenance_Reliability_EngineeringUnits,13052,Variable
PumpType_Maintenance_ConditionBasedMaintenance_Reliability_EURange,13053,Variable
PumpType_Maintenance_ConditionBasedMaintenance_TimeBasedAvailability_Definition,13054,Variable
PumpType_Maintenance_ConditionBasedMaintenance_TimeBasedAvailability_EngineeringUnits,13055,Variable
PumpType_Maintenance_ConditionBasedMaintenance_TimeBasedAvailability_EURange,13056,Variable
GeneralMaintenanceType_DownTime,13057,Variable
GeneralMaintenanceType_ExternalDisabledTime,13058,Variable
GeneralMaintenanceType_IdleTime,13059,Variable
GeneralMaintenanceType_StandbyTime,13060,Variable
GeneralMaintenanceType_UpTime,13061,Variable
GeneralMaintenanceType_DownTime_Definition,13062,Variable
GeneralMaintenanceType_DownTime_EURange,13063,Variable
GeneralMaintenanceType_DownTime_EngineeringUnits,13064,Variable
GeneralMaintenanceType_ExternalDisabledTime_Definition,13065,Variable
GeneralMaintenanceType_ExternalDisabledTime_EURange,13066,Variable
GeneralMaintenanceType_ExternalDisabledTime_EngineeringUnits,13067,Variable
GeneralMaintenanceType_IdleTime_Definition,13068,Variable
GeneralMaintenanceType_IdleTime_EURange,13069,Variable
GeneralMaintenanceType_IdleTime_EngineeringUnits,13070,Variable
GeneralMaintenanceType_StandbyTime_Definition,13071,Variable
GeneralMaintenanceType_StandbyTime_EURange,13072,Variable
GeneralMaintenanceType_StandbyTime_EngineeringUnits,13073,Variable
GeneralMaintenanceType_UpTime_Definition,13074,Variable
GeneralMaintenanceType_UpTime_EURange,13075,Variable
GeneralMaintenanceType_UpTime_EngineeringUnits,13076,Variable
ConditionBasedMaintenanceType_OperationalReliability,13077,Variable
ConditionBasedMaintenanceType_OperationalReliability_Definition,13078,Variable
ConditionBasedMaintenanceType_OperationalReliability_EURange,13079,Variable
ConditionBasedMaintenanceType_OperationalReliability_EngineeringUnits,13080,Variable
VibrationMeasurementType_S1XPhase_Definition,13081,Variable
VibrationMeasurementType_S1XPhase_EURange,13082,Variable
VibrationMeasurementType_S1XPhase_EngineeringUnits,13083,Variable
MeasurementsType_Vibration_Placeholder_S1XPhase_Definition,13084,Variable
MeasurementsType_Vibration_Placeholder_S1XPhase_EngineeringUnits,13085,Variable
MeasurementsType_Vibration_Placeholder_S1XPhase_EURange,13086,Variable
VibrationMeasurementType_S2XPhase_Definition,13087,Variable
VibrationMeasurementType_S2XPhase_EURange,13088,Variable
VibrationMeasurementType_S2XPhase_EngineeringUnits,13089,Variable
MeasurementsType_Vibration_Placeholder_S2XPhase_Definition,13090,Variable
MeasurementsType_Vibration_Placeholder_S2XPhase_EngineeringUnits,13091,Variable
MeasurementsType_Vibration_Placeholder_S2XPhase_EURange,13092,Variable
VibrationMeasurementType_S1XRelativeShaftVibrationP_P_Definition,13093,Variable
VibrationMeasurementType_S1XRelativeShaftVibrationP_P_EURange,13094,Variable
VibrationMeasurementType_S1XRelativeShaftVibrationP_P_EngineeringUnits,13095,Variable
MeasurementsType_Vibration_Placeholder_S1XRelativeShaftVibrationP_P_Definition,13096,Variable
MeasurementsType_Vibration_Placeholder_S1XRelativeShaftVibrationP_P_EngineeringUnits,13097,Variable
MeasurementsType_Vibration_Placeholder_S1XRelativeShaftVibrationP_P_EURange,13098,Variable
VibrationMeasurementType_S2XRelativeShaftVibrationP_P_Definition,13099,Variable
VibrationMeasurementType_S2XRelativeShaftVibrationP_P_EURange,13100,Variable
VibrationMeasurementType_S2XRelativeShaftVibrationP_P_EngineeringUnits,13101,Variable
MeasurementsType_Vibration_Placeholder_S2XRelativeShaftVibrationP_P_Definition,13102,Variable
MeasurementsType_Vibration_Placeholder_S2XRelativeShaftVibrationP_P_EngineeringUnits,13103,Variable
MeasurementsType_Vibration_Placeholder_S2XRelativeShaftVibrationP_P_EURange,13104,Variable
VibrationMeasurementType_BearingIndex,13105,Variable
MeasurementsType_PumpTemperature_EURange,13106,Variable
VibrationMeasurementType_BearingIndexPerG,13107,Variable
MeasurementsType_PumpTemperature_EngineeringUnits,13108,Variable
VibrationMeasurementType_BroadbandCavitationAccelerationPerG_RMS,13109,Variable
OperationalGroupType_Measurements_PumpTemperature_Definition,13110,Variable
VibrationMeasurementType_BroadbandCavitationAccelerationRMS,13111,Variable
OperationalGroupType_Measurements_PumpTemperature_EngineeringUnits,13112,Variable
VibrationMeasurementType_GapVoltage,13113,Variable
OperationalGroupType_Measurements_PumpTemperature_EURange,13114,Variable
VibrationMeasurementType_Not1XRelativeShaftVibrationP_P,13115,Variable
PumpType_Operational_Measurements_PumpTemperature_Definition,13116,Variable
VibrationMeasurementType_OverallVibrationAcceleration0_P,13117,Variable
PumpType_Operational_Measurements_PumpTemperature_EngineeringUnits,13118,Variable
VibrationMeasurementType_OverallVibrationAccelerationP_P,13119,Variable
PumpType_Operational_Measurements_PumpTemperature_EURange,13120,Variable
VibrationMeasurementType_OverallVibrationAccelerationPerG_RMS,13121,Variable
MeasurementsType_PumpTotalHead_Definition,13122,Variable
VibrationMeasurementType_OverallVibrationAccelerationPerG0_P,13123,Variable
MeasurementsType_PumpTotalHead_EURange,13124,Variable
VibrationMeasurementType_OverallVibrationAccelerationPerGP_P,13125,Variable
MeasurementsType_PumpTotalHead_EngineeringUnits,13126,Variable
VibrationMeasurementType_OverallVibrationAccelerationRMS,13127,Variable
OperationalGroupType_Measurements_PumpTotalHead_Definition,13128,Variable
VibrationMeasurementType_OverallVibrationDisplacementP_P,13129,Variable
OperationalGroupType_Measurements_PumpTotalHead_EngineeringUnits,13130,Variable
VibrationMeasurementType_OverallVibrationDisplacementRMS,13131,Variable
OperationalGroupType_Measurements_PumpTotalHead_EURange,13132,Variable
VibrationMeasurementType_OverallVibrationVelocity0_P,13133,Variable
PumpType_Operational_Measurements_PumpTotalHead_Definition,13134,Variable
VibrationMeasurementType_OverallVibrationVelocityP_P,13135,Variable
PumpType_Operational_Measurements_PumpTotalHead_EngineeringUnits,13136,Variable
VibrationMeasurementType_OverallVibrationVelocityRMS,13137,Variable
PumpType_Operational_Measurements_PumpTotalHead_EURange,13138,Variable
VibrationMeasurementType_ReferenceStandardForVibrationMeasurement,13139,Variable
VibrationMeasurementType_ReferenceStandardForVibrationMeasurement_Definition,13140,Variable
VibrationMeasurementType_RotationalPhase1X,13141,Variable
MeasurementsType_RadialLoadOfPumpRotor_Definition,13142,Variable
VibrationMeasurementType_RotationalPhase2X,13143,Variable
MeasurementsType_RadialLoadOfPumpRotor_EURange,13144,Variable
VibrationMeasurementType_SpeedOfRotation,13145,Variable
MeasurementsType_RadialLoadOfPumpRotor_EngineeringUnits,13146,Variable
VibrationMeasurementType_ThrustPosition,13147,Variable
OperationalGroupType_Measurements_RadialLoadOfPumpRotor_Definition,13148,Variable
VibrationMeasurementType_VibrationAmplitudeAtTheBearingDefectFrequencies,13149,Variable
OperationalGroupType_Measurements_RadialLoadOfPumpRotor_EngineeringUnits,13150,Variable
VibrationMeasurementType_VibrationAmplitudeAtTheBearingDefectFrequenciesPerG,13151,Variable
OperationalGroupType_Measurements_RadialLoadOfPumpRotor_EURange,13152,Variable
VibrationMeasurementType_VibrationAmplitudeAtTheBladePassFrequency,13153,Variable
PumpType_Operational_Measurements_RadialLoadOfPumpRotor_Definition,13154,Variable
VibrationMeasurementType_VibrationAmplitudeAtTheFirstHarmonicOfTheRotationFrequency2X,13155,Variable
PumpType_Operational_Measurements_RadialLoadOfPumpRotor_EngineeringUnits,13156,Variable
VibrationMeasurementType_VibrationAmplitudeAtTheGearMeshingFrequency,13157,Variable
PumpType_Operational_Measurements_RadialLoadOfPumpRotor_EURange,13158,Variable
VibrationMeasurementType_VibrationAmplitudeAtTheGearMeshingFrequencyPerG,13159,Variable
MeasurementsType_SoundEnergy_Definition,13160,Variable
VibrationMeasurementType_VibrationAmplitudeAtTheHarmonicsOfTheRotationFrequencyNx,13161,Variable
MeasurementsType_SoundEnergy_EURange,13162,Variable
VibrationMeasurementType_VibrationAmplitudeAtTheRotationFrequency1X,13163,Variable
MeasurementsType_SoundEnergy_EngineeringUnits,13164,Variable
VibrationMeasurementType_VibrationAmplitudeAtTheSidebandsOfTheGearMeshingFrequency,13165,Variable
OperationalGroupType_Measurements_SoundEnergy_Definition,13166,Variable
VibrationMeasurementType_VibrationAmplitudeAtTheSidebandsOfTheGearMeshingFrequencyPerG,13167,Variable
OperationalGroupType_Measurements_SoundEnergy_EngineeringUnits,13168,Variable
VibrationMeasurementType_BearingIndex_Definition,13169,Variable
VibrationMeasurementType_BearingIndex_EURange,13170,Variable
VibrationMeasurementType_BearingIndex_EngineeringUnits,13171,Variable
VibrationMeasurementType_BearingIndexPerG_Definition,13172,Variable
VibrationMeasurementType_BearingIndexPerG_EURange,13173,Variable
VibrationMeasurementType_BearingIndexPerG_EngineeringUnits,13174,Variable
VibrationMeasurementType_BroadbandCavitationAccelerationPerG_RMS_Definition,13175,Variable
VibrationMeasurementType_BroadbandCavitationAccelerationPerG_RMS_EURange,13176,Variable
VibrationMeasurementType_BroadbandCavitationAccelerationPerG_RMS_EngineeringUnits,13177,Variable
VibrationMeasurementType_GapVoltage_Definition,13178,Variable
VibrationMeasurementType_GapVoltage_EURange,13179,Variable
VibrationMeasurementType_GapVoltage_EngineeringUnits,13180,Variable
VibrationMeasurementType_Not1XRelativeShaftVibrationP_P_Definition,13181,Variable
VibrationMeasurementType_Not1XRelativeShaftVibrationP_P_EURange,13182,Variable
VibrationMeasurementType_Not1XRelativeShaftVibrationP_P_EngineeringUnits,13183,Variable
VibrationMeasurementType_OverallVibrationAcceleration0_P_Definition,13184,Variable
VibrationMeasurementType_OverallVibrationAcceleration0_P_EURange,13185,Variable
VibrationMeasurementType_OverallVibrationAcceleration0_P_EngineeringUnits,13186,Variable
VibrationMeasurementType_OverallVibrationAccelerationP_P_Definition,13187,Variable
VibrationMeasurementType_OverallVibrationAccelerationP_P_EURange,13188,Variable
VibrationMeasurementType_OverallVibrationAccelerationP_P_EngineeringUnits,13189,Variable
VibrationMeasurementType_BroadbandCavitationAccelerationRMS_Definition,13190,Variable
VibrationMeasurementType_BroadbandCavitationAccelerationRMS_EURange,13191,Variable
VibrationMeasurementType_BroadbandCavitationAccelerationRMS_EngineeringUnits,13192,Variable
VibrationMeasurementType_OverallVibrationAccelerationPerG0_P_Definition,13193,Variable
VibrationMeasurementType_OverallVibrationAccelerationPerG0_P_EURange,13194,Variable
VibrationMeasurementType_OverallVibrationAccelerationPerG0_P_EngineeringUnits,13195,Variable
VibrationMeasurementType_OverallVibrationAccelerationPerG_RMS_Definition,13196,Variable
VibrationMeasurementType_OverallVibrationAccelerationPerG_RMS_EURange,13197,Variable
VibrationMeasurementType_OverallVibrationAccelerationPerG_RMS_EngineeringUnits,13198,Variable
VibrationMeasurementType_OverallVibrationAccelerationPerGP_P_Definition,13199,Variable
VibrationMeasurementType_OverallVibrationAccelerationPerGP_P_EURange,13200,Variable
VibrationMeasurementType_OverallVibrationAccelerationPerGP_P_EngineeringUnits,13201,Variable
VibrationMeasurementType_OverallVibrationAccelerationRMS_Definition,13202,Variable
VibrationMeasurementType_OverallVibrationAccelerationRMS_EURange,13203,Variable
VibrationMeasurementType_OverallVibrationAccelerationRMS_EngineeringUnits,13204,Variable
VibrationMeasurementType_OverallVibrationDisplacementP_P_Definition,13205,Variable
VibrationMeasurementType_OverallVibrationDisplacementP_P_EURange,13206,Variable
VibrationMeasurementType_OverallVibrationDisplacementP_P_EngineeringUnits,13207,Variable
VibrationMeasurementType_OverallVibrationDisplacementRMS_Definition,13208,Variable
VibrationMeasurementType_OverallVibrationDisplacementRMS_EURange,13209,Variable
VibrationMeasurementType_OverallVibrationDisplacementRMS_EngineeringUnits,13210,Variable
VibrationMeasurementType_OverallVibrationVelocity0_P_Definition,13211,Variable
VibrationMeasurementType_OverallVibrationVelocity0_P_EURange,13212,Variable
VibrationMeasurementType_OverallVibrationVelocity0_P_EngineeringUnits,13213,Variable
VibrationMeasurementType_OverallVibrationVelocityP_P_Definition,13214,Variable
VibrationMeasurementType_OverallVibrationVelocityP_P_EURange,13215,Variable
VibrationMeasurementType_OverallVibrationVelocityP_P_EngineeringUnits,13216,Variable
VibrationMeasurementType_OverallVibrationVelocityRMS_Definition,13217,Variable
VibrationMeasurementType_OverallVibrationVelocityRMS_EURange,13218,Variable
VibrationMeasurementType_OverallVibrationVelocityRMS_EngineeringUnits,13219,Variable
http___opcfoundation_org_UA_Pumps__IsNamespaceSubset,13220,Variable
http___opcfoundation_org_UA_Pumps__NamespacePublicationDate,13221,Variable
http___opcfoundation_org_UA_Pumps__NamespaceUri,13222,Variable
VibrationMeasurementType_RotationalPhase1X_Definition,13223,Variable
VibrationMeasurementType_RotationalPhase1X_EURange,13224,Variable
VibrationMeasurementType_RotationalPhase1X_EngineeringUnits,13225,Variable
VibrationMeasurementType_RotationalPhase2X_Definition,13226,Variable
VibrationMeasurementType_RotationalPhase2X_EURange,13227,Variable
VibrationMeasurementType_RotationalPhase2X_EngineeringUnits,13228,Variable
VibrationMeasurementType_SpeedOfRotation_Definition,13229,Variable
VibrationMeasurementType_SpeedOfRotation_EURange,13230,Variable
VibrationMeasurementType_SpeedOfRotation_EngineeringUnits,13231,Variable
VibrationMeasurementType_ThrustPosition_Definition,13232,Variable
VibrationMeasurementType_ThrustPosition_EURange,13233,Variable
VibrationMeasurementType_ThrustPosition_EngineeringUnits,13234,Variable
VibrationMeasurementType_VibrationAmplitudeAtTheSidebandsOfTheGearMeshingFrequency_Definition,13235,Variable
VibrationMeasurementType_VibrationAmplitudeAtTheSidebandsOfTheGearMeshingFrequency_EURange,13236,Variable
VibrationMeasurementType_VibrationAmplitudeAtTheSidebandsOfTheGearMeshingFrequency_EngineeringUnits,13237,Variable
VibrationMeasurementType_VibrationAmplitudeAtTheSidebandsOfTheGearMeshingFrequencyPerG_Definition,13238,Variable
VibrationMeasurementType_VibrationAmplitudeAtTheSidebandsOfTheGearMeshingFrequencyPerG_EURange,13239,Variable
VibrationMeasurementType_VibrationAmplitudeAtTheSidebandsOfTheGearMeshingFrequencyPerG_EngineeringUnits,13240,Variable
VibrationMeasurementType_VibrationAmplitudeAtTheRotationFrequency1X_Definition,13241,Variable
VibrationMeasurementType_VibrationAmplitudeAtTheRotationFrequency1X_EURange,13242,Variable
VibrationMeasurementType_VibrationAmplitudeAtTheRotationFrequency1X_EngineeringUnits,13243,Variable
VibrationMeasurementType_VibrationAmplitudeAtTheHarmonicsOfTheRotationFrequencyNx_Definition,13244,Variable
VibrationMeasurementType_VibrationAmplitudeAtTheHarmonicsOfTheRotationFrequencyNx_EURange,13245,Variable
VibrationMeasurementType_VibrationAmplitudeAtTheHarmonicsOfTheRotationFrequencyNx_EngineeringUnits,13246,Variable
VibrationMeasurementType_VibrationAmplitudeAtTheGearMeshingFrequencyPerG_Definition,13247,Variable
VibrationMeasurementType_VibrationAmplitudeAtTheGearMeshingFrequencyPerG_EURange,13248,Variable
VibrationMeasurementType_VibrationAmplitudeAtTheGearMeshingFrequencyPerG_EngineeringUnits,13249,Variable
VibrationMeasurementType_VibrationAmplitudeAtTheGearMeshingFrequency_Definition,13250,Variable
VibrationMeasurementType_VibrationAmplitudeAtTheGearMeshingFrequency_EURange,13251,Variable
VibrationMeasurementType_VibrationAmplitudeAtTheGearMeshingFrequency_EngineeringUnits,13252,Variable
VibrationMeasurementType_VibrationAmplitudeAtTheFirstHarmonicOfTheRotationFrequency2X_Definition,13253,Variable
VibrationMeasurementType_VibrationAmplitudeAtTheFirstHarmonicOfTheRotationFrequency2X_EURange,13254,Variable
VibrationMeasurementType_VibrationAmplitudeAtTheFirstHarmonicOfTheRotationFrequency2X_EngineeringUnits,13255,Variable
VibrationMeasurementType_VibrationAmplitudeAtTheBladePassFrequency_Definition,13256,Variable
VibrationMeasurementType_VibrationAmplitudeAtTheBladePassFrequency_EURange,13257,Variable
VibrationMeasurementType_VibrationAmplitudeAtTheBladePassFrequency_EngineeringUnits,13258,Variable
VibrationMeasurementType_VibrationAmplitudeAtTheBearingDefectFrequenciesPerG_Definition,13259,Variable
VibrationMeasurementType_VibrationAmplitudeAtTheBearingDefectFrequenciesPerG_EURange,13260,Variable
VibrationMeasurementType_VibrationAmplitudeAtTheBearingDefectFrequenciesPerG_EngineeringUnits,13261,Variable
VibrationMeasurementType_VibrationAmplitudeAtTheBearingDefectFrequencies_Definition,13262,Variable
VibrationMeasurementType_VibrationAmplitudeAtTheBearingDefectFrequencies_EURange,13263,Variable
VibrationMeasurementType_VibrationAmplitudeAtTheBearingDefectFrequencies_EngineeringUnits,13264,Variable
DesignType_BasePressure_Definition,13265,Variable
DesignType_BasePressure_EngineeringUnits,13266,Variable
ConfigurationGroupType_Design_BasePressure_Definition,13267,Variable
ConfigurationGroupType_Design_BasePressure_EngineeringUnits,13268,Variable
PumpType_Configuration_Design_BasePressure_Definition,13269,Variable
PumpType_Configuration_Design_BasePressure_EngineeringUnits,13270,Variable
ConfigurationGroupType_Design_ClearanceVolume_EngineeringUnits,13271,Variable
PumpType_Configuration_Design_ClearanceVolume_Definition,13272,Variable
PumpType_Configuration_Design_ClearanceVolume_EngineeringUnits,13273,Variable
DesignType_ClockwiseRotation_Definition,13274,Variable
ConfigurationGroupType_Design_ClockwiseRotation_Definition,13275,Variable
PumpType_Configuration_Design_ClockwiseRotation_Definition,13276,Variable
DesignType_Controllable_Definition,13277,Variable
ConfigurationGroupType_Design_Controllable_Definition,13278,Variable
PumpType_Configuration_Design_Controllable_Definition,13279,Variable
DesignType_Cool_DownTimeForAVaporJetPumpOrADiffusionPump_Definition,13280,Variable
DesignType_Cool_DownTimeForAVaporJetPumpOrADiffusionPump_EngineeringUnits,13281,Variable
ConfigurationGroupType_Design_Cool_DownTimeForAVaporJetPumpOrADiffusionPump_Definition,13282,Variable
ConfigurationGroupType_Design_Cool_DownTimeForAVaporJetPumpOrADiffusionPump_EngineeringUnits,13283,Variable
PumpType_Configuration_Design_Cool_DownTimeForAVaporJetPumpOrADiffusionPump_Definition,13284,Variable
PumpType_Configuration_Design_Cool_DownTimeForAVaporJetPumpOrADiffusionPump_EngineeringUnits,13285,Variable
DesignType_Counter_ClockwiseRotation_Definition,13286,Variable
ConfigurationGroupType_Design_Counter_ClockwiseRotation_Definition,13287,Variable
PumpType_Configuration_Design_Counter_ClockwiseRotation_Definition,13288,Variable
DesignType_CriticalSpeed_Definition,13289,Variable
DesignType_CriticalSpeed_EngineeringUnits,13290,Variable
ConfigurationGroupType_Design_CriticalSpeed_Definition,13291,Variable
ConfigurationGroupType_Design_CriticalSpeed_EngineeringUnits,13292,Variable
PumpType_Configuration_Design_CriticalSpeed_Definition,13293,Variable
PumpType_Configuration_Design_CriticalSpeed_EngineeringUnits,13294,Variable
DesignType_DeclarationOfConformity_Definition,13295,Variable
ConfigurationGroupType_Design_DeclarationOfConformity_Definition,13296,Variable
PumpType_Configuration_Design_DeclarationOfConformity_Definition,13297,Variable
DesignType_DeclarationOfConformityAvailable_Definition,13298,Variable
ConfigurationGroupType_Design_DeclarationOfConformityAvailable_Definition,13299,Variable
PumpType_Configuration_Design_DeclarationOfConformityAvailable_Definition,13300,Variable
DesignType_DesignAxialLoad_Definition,13301,Variable
DesignType_DesignAxialLoad_EngineeringUnits,13302,Variable
ConfigurationGroupType_Design_DesignAxialLoad_Definition,13303,Variable
ConfigurationGroupType_Design_DesignAxialLoad_EngineeringUnits,13304,Variable
PumpType_Configuration_Design_DesignAxialLoad_Definition,13305,Variable
PumpType_Configuration_Design_DesignAxialLoad_EngineeringUnits,13306,Variable
DesignType_DesignRadialLoad_Definition,13307,Variable
DesignType_DesignRadialLoad_EngineeringUnits,13308,Variable
ConfigurationGroupType_Design_DesignRadialLoad_Definition,13309,Variable
ConfigurationGroupType_Design_DesignRadialLoad_EngineeringUnits,13310,Variable
PumpType_Configuration_Design_DesignRadialLoad_Definition,13311,Variable
PumpType_Configuration_Design_DesignRadialLoad_EngineeringUnits,13312,Variable
DesignType_PumpClass_Definition,13313,Variable
ConfigurationGroupType_Design_PumpClass_Definition,13314,Variable
PumpType_Configuration_Design_PumpClass_Definition,13315,Variable
DesignType_DirectivesOfEUDeclarationOfConformity_Definition,13316,Variable
ConfigurationGroupType_Design_DirectivesOfEUDeclarationOfConformity_Definition,13317,Variable
PumpType_Configuration_Design_DirectivesOfEUDeclarationOfConformity_Definition,13318,Variable
DesignType_DryCriticalSpeed_Definition,13319,Variable
DesignType_DryCriticalSpeed_EngineeringUnits,13320,Variable
ConfigurationGroupType_Design_DryCriticalSpeed_Definition,13321,Variable
ConfigurationGroupType_Design_DryCriticalSpeed_EngineeringUnits,13322,Variable
PumpType_Configuration_Design_DryCriticalSpeed_Definition,13323,Variable
PumpType_Configuration_Design_DryCriticalSpeed_EngineeringUnits,13324,Variable
DesignType_ExplosionProtection_Definition,13325,Variable
ConfigurationGroupType_Design_ExplosionProtection_Definition,13326,Variable
PumpType_Configuration_Design_ExplosionProtection_Definition,13327,Variable
DesignType_GeometricalFlow_Definition,13328,Variable
DesignType_GeometricalFlow_EngineeringUnits,13329,Variable
ConfigurationGroupType_Design_GeometricalFlow_Definition,13330,Variable
ConfigurationGroupType_Design_GeometricalFlow_EngineeringUnits,13331,Variable
PumpType_Configuration_Design_GeometricalFlow_Definition,13332,Variable
PumpType_Configuration_Design_GeometricalFlow_EngineeringUnits,13333,Variable
DesignType_GeometricDisplacementVolume_Definition,13334,Variable
DesignType_GeometricDisplacementVolume_EngineeringUnits,13335,Variable
ConfigurationGroupType_Design_GeometricDisplacementVolume_Definition,13336,Variable
ConfigurationGroupType_Design_GeometricDisplacementVolume_EngineeringUnits,13337,Variable
PumpType_Configuration_Design_GeometricDisplacementVolume_Definition,13338,Variable
PumpType_Configuration_Design_GeometricDisplacementVolume_EngineeringUnits,13339,Variable
DesignType_HeadAtPeakPoint_Definition,13340,Variable
DesignType_HeadAtPeakPoint_EngineeringUnits,13341,Variable
ConfigurationGroupType_Design_HeadAtPeakPoint_Definition,13342,Variable
ConfigurationGroupType_Design_HeadAtPeakPoint_EngineeringUnits,13343,Variable
PumpType_Configuration_Design_HeadAtPeakPoint_Definition,13344,Variable
PumpType_Configuration_Design_HeadAtPeakPoint_EngineeringUnits,13345,Variable
DesignType_InstallationNpshCurve_MimeType,13346,Variable
ConfigurationGroupType_Design_InstallationNpshCurve_MimeType,13347,Variable
PumpType_Configuration_Design_InstallationNpshCurve_MimeType,13348,Variable
DesignType_LeakageRateOfFlow_Definition,13349,Variable
DesignType_LeakageRateOfFlow_EngineeringUnits,13350,Variable
ConfigurationGroupType_Design_LeakageRateOfFlow_Definition,13351,Variable
ConfigurationGroupType_Design_LeakageRateOfFlow_EngineeringUnits,13352,Variable
PumpType_Configuration_Design_LeakageRateOfFlow_Definition,13353,Variable
PumpType_Configuration_Design_LeakageRateOfFlow_EngineeringUnits,13354,Variable
DesignType_MaximumAllowableAmbientTemperature_Definition,13355,Variable
DesignType_MaximumAllowableAmbientTemperature_EngineeringUnits,13356,Variable
ConfigurationGroupType_Design_MaximumAllowableAmbientTemperature_Definition,13357,Variable
ConfigurationGroupType_Design_MaximumAllowableAmbientTemperature_EngineeringUnits,13358,Variable
PumpType_Configuration_Design_MaximumAllowableAmbientTemperature_Definition,13359,Variable
PumpType_Configuration_Design_MaximumAllowableAmbientTemperature_EngineeringUnits,13360,Variable
DesignType_MaximumAllowableCasingWorkingPressure_Definition,13361,Variable
DesignType_MaximumAllowableCasingWorkingPressure_EngineeringUnits,13362,Variable
ConfigurationGroupType_Design_MaximumAllowableCasingWorkingPressure_Definition,13363,Variable
ConfigurationGroupType_Design_MaximumAllowableCasingWorkingPressure_EngineeringUnits,13364,Variable
PumpType_Configuration_Design_MaximumAllowableCasingWorkingPressure_Definition,13365,Variable
PumpType_Configuration_Design_MaximumAllowableCasingWorkingPressure_EngineeringUnits,13366,Variable
DesignType_MaximumAllowableContinuousSpeed_Definition,13367,Variable
DesignType_MaximumAllowableContinuousSpeed_EngineeringUnits,13368,Variable
ConfigurationGroupType_Design_MaximumAllowableContinuousSpeed_Definition,13369,Variable
ConfigurationGroupType_Design_MaximumAllowableContinuousSpeed_EngineeringUnits,13370,Variable
PumpType_Configuration_Design_MaximumAllowableContinuousSpeed_Definition,13371,Variable
PumpType_Configuration_Design_MaximumAllowableContinuousSpeed_EngineeringUnits,13372,Variable
DesignType_MaximumAllowableHead_Definition,13373,Variable
DesignType_MaximumAllowableHead_EngineeringUnits,13374,Variable
ConfigurationGroupType_Design_MaximumAllowableHead_Definition,13375,Variable
ConfigurationGroupType_Design_MaximumAllowableHead_EngineeringUnits,13376,Variable
PumpType_Configuration_Design_MaximumAllowableHead_Definition,13377,Variable
PumpType_Configuration_Design_MaximumAllowableHead_EngineeringUnits,13378,Variable
DesignType_MaximumAllowableRelativeHumidity_Definition,13379,Variable
DesignType_MaximumAllowableRelativeHumidity_EngineeringUnits,13380,Variable
ConfigurationGroupType_Design_MaximumAllowableRelativeHumidity_Definition,13381,Variable
ConfigurationGroupType_Design_MaximumAllowableRelativeHumidity_EngineeringUnits,13382,Variable
PumpType_Configuration_Design_MaximumAllowableRelativeHumidity_Definition,13383,Variable
PumpType_Configuration_Design_MaximumAllowableRelativeHumidity_EngineeringUnits,13384,Variable
DesignType_MaximumAllowableTemperature_Definition,13385,Variable
DesignType_MaximumAllowableTemperature_EngineeringUnits,13386,Variable
ConfigurationGroupType_Design_MaximumAllowableTemperature_Definition,13387,Variable
ConfigurationGroupType_Design_MaximumAllowableTemperature_EngineeringUnits,13388,Variable
PumpType_Configuration_Design_MaximumAllowableTemperature_Definition,13389,Variable
PumpType_Configuration_Design_MaximumAllowableTemperature_EngineeringUnits,13390,Variable
DesignType_MaximumAllowableThroughput_Definition,13391,Variable
DesignType_MaximumAllowableThroughput_EngineeringUnits,13392,Variable
ConfigurationGroupType_Design_MaximumAllowableThroughput_Definition,13393,Variable
ConfigurationGroupType_Design_MaximumAllowableThroughput_EngineeringUnits,13394,Variable
PumpType_Configuration_Design_MaximumAllowableThroughput_Definition,13395,Variable
PumpType_Configuration_Design_MaximumAllowableThroughput_EngineeringUnits,13396,Variable
DesignType_MaximumAllowableWorkingPressure_Definition,13397,Variable
DesignType_MaximumAllowableWorkingPressure_EngineeringUnits,13398,Variable
ConfigurationGroupType_Design_MaximumAllowableWorkingPressure_Definition,13399,Variable
ConfigurationGroupType_Design_MaximumAllowableWorkingPressure_EngineeringUnits,13400,Variable
PumpType_Configuration_Design_MaximumAllowableWorkingPressure_Definition,13401,Variable
PumpType_Configuration_Design_MaximumAllowableWorkingPressure_EngineeringUnits,13402,Variable
DesignType_MaximumAxialLoad_Definition,13403,Variable
DesignType_MaximumAxialLoad_EngineeringUnits,13404,Variable
ConfigurationGroupType_Design_MaximumAxialLoad_Definition,13405,Variable
ConfigurationGroupType_Design_MaximumAxialLoad_EngineeringUnits,13406,Variable
PumpType_Configuration_Design_MaximumAxialLoad_Definition,13407,Variable
PumpType_Configuration_Design_MaximumAxialLoad_EngineeringUnits,13408,Variable
DesignType_MaximumPumpPowerInput_Definition,13409,Variable
DesignType_MaximumPumpPowerInput_EngineeringUnits,13410,Variable
ConfigurationGroupType_Design_MaximumPumpPowerInput_Definition,13411,Variable
ConfigurationGroupType_Design_MaximumPumpPowerInput_EngineeringUnits,13412,Variable
PumpType_Configuration_Design_MaximumPumpPowerInput_Definition,13413,Variable
PumpType_Configuration_Design_MaximumPumpPowerInput_EngineeringUnits,13414,Variable
DesignType_MaximumRadialLoad_Definition,13415,Variable
DesignType_MaximumRadialLoad_EngineeringUnits,13416,Variable
ConfigurationGroupType_Design_MaximumRadialLoad_Definition,13417,Variable
ConfigurationGroupType_Design_MaximumRadialLoad_EngineeringUnits,13418,Variable
PumpType_Configuration_Design_MaximumRadialLoad_Definition,13419,Variable
PumpType_Configuration_Design_MaximumRadialLoad_EngineeringUnits,13420,Variable
DesignType_MaximumStaticSealingPressure_Definition,13421,Variable
DesignType_MaximumStaticSealingPressure_EngineeringUnits,13422,Variable
ConfigurationGroupType_Design_MaximumStaticSealingPressure_Definition,13423,Variable
ConfigurationGroupType_Design_MaximumStaticSealingPressure_EngineeringUnits,13424,Variable
PumpType_Configuration_Design_MaximumStaticSealingPressure_Definition,13425,Variable
PumpType_Configuration_Design_MaximumStaticSealingPressure_EngineeringUnits,13426,Variable
DesignType_MeanTimebetweenFailures_Definition,13427,Variable
DesignType_MeanTimebetweenFailures_EngineeringUnits,13428,Variable
ConfigurationGroupType_Design_MeanTimebetweenFailures_Definition,13429,Variable
ConfigurationGroupType_Design_MeanTimebetweenFailures_EngineeringUnits,13430,Variable
PumpType_Configuration_Design_MeanTimebetweenFailures_Definition,13431,Variable
PumpType_Configuration_Design_MeanTimebetweenFailures_EngineeringUnits,13432,Variable
DesignType_MinimumAllowableAmbientTemperature_Definition,13433,Variable
DesignType_MinimumAllowableAmbientTemperature_EngineeringUnits,13434,Variable
ConfigurationGroupType_Design_MinimumAllowableAmbientTemperature_Definition,13435,Variable
ConfigurationGroupType_Design_MinimumAllowableAmbientTemperature_EngineeringUnits,13436,Variable
PumpType_Configuration_Design_MinimumAllowableAmbientTemperature_Definition,13437,Variable
PumpType_Configuration_Design_MinimumAllowableAmbientTemperature_EngineeringUnits,13438,Variable
DesignType_MinimumAllowableContinuousSpeed_Definition,13439,Variable
DesignType_MinimumAllowableContinuousSpeed_EngineeringUnits,13440,Variable
ConfigurationGroupType_Design_MinimumAllowableContinuousSpeed_Definition,13441,Variable
ConfigurationGroupType_Design_MinimumAllowableContinuousSpeed_EngineeringUnits,13442,Variable
PumpType_Configuration_Design_MinimumAllowableContinuousSpeed_Definition,13443,Variable
PumpType_Configuration_Design_MinimumAllowableContinuousSpeed_EngineeringUnits,13444,Variable
DesignType_MinimumAllowableHead_Definition,13445,Variable
DesignType_MinimumAllowableHead_EngineeringUnits,13446,Variable
ConfigurationGroupType_Design_MinimumAllowableHead_Definition,13447,Variable
ConfigurationGroupType_Design_MinimumAllowableHead_EngineeringUnits,13448,Variable
PumpType_Configuration_Design_MinimumAllowableHead_Definition,13449,Variable
PumpType_Configuration_Design_MinimumAllowableHead_EngineeringUnits,13450,Variable
DesignType_MinimumAllowableRelativeHumidity_Definition,13451,Variable
DesignType_MinimumAllowableRelativeHumidity_EngineeringUnits,13452,Variable
ConfigurationGroupType_Design_MinimumAllowableRelativeHumidity_Definition,13453,Variable
ConfigurationGroupType_Design_MinimumAllowableRelativeHumidity_EngineeringUnits,13454,Variable
PumpType_Configuration_Design_MinimumAllowableRelativeHumidity_Definition,13455,Variable
PumpType_Configuration_Design_MinimumAllowableRelativeHumidity_EngineeringUnits,13456,Variable
DesignType_MinimumAllowableTemperature_Definition,13457,Variable
DesignType_MinimumAllowableTemperature_EngineeringUnits,13458,Variable
ConfigurationGroupType_Design_MinimumAllowableTemperature_Definition,13459,Variable
ConfigurationGroupType_Design_MinimumAllowableTemperature_EngineeringUnits,13460,Variable
PumpType_Configuration_Design_MinimumAllowableTemperature_Definition,13461,Variable
PumpType_Configuration_Design_MinimumAllowableTemperature_EngineeringUnits,13462,Variable
DesignType_MinimumAllowableThermalFlow_Definition,13463,Variable
DesignType_MinimumAllowableThermalFlow_EngineeringUnits,13464,Variable
ConfigurationGroupType_Design_MinimumAllowableThermalFlow_Definition,13465,Variable
ConfigurationGroupType_Design_MinimumAllowableThermalFlow_EngineeringUnits,13466,Variable
PumpType_Configuration_Design_MinimumAllowableThermalFlow_Definition,13467,Variable
PumpType_Configuration_Design_MinimumAllowableThermalFlow_EngineeringUnits,13468,Variable
DesignType_MinimumContinuousStableFlow_Definition,13469,Variable
DesignType_MinimumContinuousStableFlow_EngineeringUnits,13470,Variable
ConfigurationGroupType_Design_MinimumContinuousStableFlow_Definition,13471,Variable
ConfigurationGroupType_Design_MinimumContinuousStableFlow_EngineeringUnits,13472,Variable
PumpType_Configuration_Design_MinimumContinuousStableFlow_Definition,13473,Variable
PumpType_Configuration_Design_MinimumContinuousStableFlow_EngineeringUnits,13474,Variable
DesignType_MinimumContinuousThermalFlow_Definition,13475,Variable
DesignType_MinimumContinuousThermalFlow_EngineeringUnits,13476,Variable
ConfigurationGroupType_Design_MinimumContinuousThermalFlow_Definition,13477,Variable
ConfigurationGroupType_Design_MinimumContinuousThermalFlow_EngineeringUnits,13478,Variable
PumpType_Configuration_Design_MinimumContinuousThermalFlow_Definition,13479,Variable
PumpType_Configuration_Design_MinimumContinuousThermalFlow_EngineeringUnits,13480,Variable
DesignType_NetPositiveSuctionHeadRequired_Definition,13481,Variable
DesignType_NetPositiveSuctionHeadRequired_EngineeringUnits,13482,Variable
ConfigurationGroupType_Design_NetPositiveSuctionHeadRequired_Definition,13483,Variable
ConfigurationGroupType_Design_NetPositiveSuctionHeadRequired_EngineeringUnits,13484,Variable
PumpType_Configuration_Design_NetPositiveSuctionHeadRequired_Definition,13485,Variable
PumpType_Configuration_Design_NetPositiveSuctionHeadRequired_EngineeringUnits,13486,Variable
DesignType_NetPositiveSuctionHeadRequiredForADropOf3__Definition,13487,Variable
DesignType_NetPositiveSuctionHeadRequiredForADropOf3__EngineeringUnits,13488,Variable
ConfigurationGroupType_Design_NetPositiveSuctionHeadRequiredForADropOf3Percent_Definition,13489,Variable
ConfigurationGroupType_Design_NetPositiveSuctionHeadRequiredForADropOf3Percent_EngineeringUnits,13490,Variable
PumpType_Configuration_Design_NetPositiveSuctionHeadRequiredForADropOf3Percent_Definition,13491,Variable
PumpType_Configuration_Design_NetPositiveSuctionHeadRequiredForADropOf3Percent_EngineeringUnits,13492,Variable
DesignType_OfferedControlModes_Definition,13493,Variable
ConfigurationGroupType_Design_OfferedControlModes_Definition,13494,Variable
PumpType_Configuration_Design_OfferedControlModes_Definition,13495,Variable
DesignType_OfferedFieldbuses_Definition,13496,Variable
ConfigurationGroupType_Design_OfferedFieldbuses_Definition,13497,Variable
PumpType_Configuration_Design_OfferedFieldbuses_Definition,13498,Variable
DesignType_AdditionalFieldbuses_Definition,13499,Variable
ConfigurationGroupType_Design_AdditionalFieldbuses_Definition,13500,Variable
PumpType_Configuration_Design_AdditionalFieldbuses_Definition,13501,Variable
DesignType_OptimumHead_Definition,13502,Variable
DesignType_OptimumHead_EngineeringUnits,13503,Variable
ConfigurationGroupType_Design_OptimumHead_Definition,13504,Variable
ConfigurationGroupType_Design_OptimumHead_EngineeringUnits,13505,Variable
PumpType_Configuration_Design_OptimumHead_Definition,13506,Variable
PumpType_Configuration_Design_OptimumHead_EngineeringUnits,13507,Variable
DesignType_OptimumPumpPowerInput_Definition,13508,Variable
DesignType_OptimumPumpPowerInput_EngineeringUnits,13509,Variable
ConfigurationGroupType_Design_OptimumPumpPowerInput_Definition,13510,Variable
ConfigurationGroupType_Design_OptimumPumpPowerInput_EngineeringUnits,13511,Variable
PumpType_Configuration_Design_OptimumPumpPowerInput_Definition,13512,Variable
PumpType_Configuration_Design_OptimumPumpPowerInput_EngineeringUnits,13513,Variable
DesignType_OptimumRateOfFlow_Definition,13514,Variable
DesignType_OptimumRateOfFlow_EngineeringUnits,13515,Variable
ConfigurationGroupType_Design_OptimumRateOfFlow_Definition,13516,Variable
ConfigurationGroupType_Design_OptimumRateOfFlow_EngineeringUnits,13517,Variable
PumpType_Configuration_Design_OptimumRateOfFlow_Definition,13518,Variable
PumpType_Configuration_Design_OptimumRateOfFlow_EngineeringUnits,13519,Variable
DesignType_PistonVelocity_Definition,13520,Variable
DesignType_PistonVelocity_EngineeringUnits,13521,Variable
ConfigurationGroupType_Design_PistonVelocity_Definition,13522,Variable
ConfigurationGroupType_Design_PistonVelocity_EngineeringUnits,13523,Variable
PumpType_Configuration_Design_PistonVelocity_Definition,13524,Variable
PumpType_Configuration_Design_PistonVelocity_EngineeringUnits,13525,Variable
DesignType_PossibleFluids_Definition,13526,Variable
ConfigurationGroupType_Design_PossibleFluids_Definition,13527,Variable
PumpType_Configuration_Design_PossibleFluids_Definition,13528,Variable
DesignType_Pre_ChargePressure_Definition,13529,Variable
DesignType_Pre_ChargePressure_EngineeringUnits,13530,Variable
ConfigurationGroupType_Design_Pre_ChargePressure_Definition,13531,Variable
ConfigurationGroupType_Design_Pre_ChargePressure_EngineeringUnits,13532,Variable
PumpType_Configuration_Design_Pre_ChargePressure_Definition,13533,Variable
PumpType_Configuration_Design_Pre_ChargePressure_EngineeringUnits,13534,Variable
DesignType_PumpCurve_MimeType,13535,Variable
ConfigurationGroupType_Design_PumpCurve_MimeType,13536,Variable
PumpType_Configuration_Design_PumpCurve_MimeType,13537,Variable
DesignType_PumpEfficiencyCurve_MimeType,13538,Variable
ConfigurationGroupType_Design_PumpEfficiencyCurve_MimeType,13539,Variable
PumpType_Configuration_Design_PumpEfficiencyCurve_MimeType,13540,Variable
DesignType_PumpH_Q_Curve_MimeType,13541,Variable
ConfigurationGroupType_Design_PumpH_Q_Curve_MimeType,13542,Variable
PumpType_Configuration_Design_PumpH_Q_Curve_MimeType,13543,Variable
DesignType_PumpNpshCurve_MimeType,13544,Variable
ConfigurationGroupType_Design_PumpNpshCurve_MimeType,13545,Variable
PumpType_Configuration_Design_PumpNpshCurve_MimeType,13546,Variable
DesignType_PumpPowerInputCurve_MimeType,13547,Variable
ConfigurationGroupType_Design_PumpPowerInputCurve_MimeType,13548,Variable
PumpType_Configuration_Design_PumpPowerInputCurve_MimeType,13549,Variable
DesignType_Shut_OffHead_Definition,13550,Variable
DesignType_Shut_OffHead_EngineeringUnits,13551,Variable
ConfigurationGroupType_Design_Shut_OffHead_Definition,13552,Variable
ConfigurationGroupType_Design_Shut_OffHead_EngineeringUnits,13553,Variable
PumpType_Configuration_Design_Shut_OffHead_Definition,13554,Variable
PumpType_Configuration_Design_Shut_OffHead_EngineeringUnits,13555,Variable
DesignType_Shut_OffPumpPowerInput_Definition,13556,Variable
DesignType_Shut_OffPumpPowerInput_EngineeringUnits,13557,Variable
ConfigurationGroupType_Design_Shut_OffPumpPowerInput_Definition,13558,Variable
ConfigurationGroupType_Design_Shut_OffPumpPowerInput_EngineeringUnits,13559,Variable
PumpType_Configuration_Design_Shut_OffPumpPowerInput_Definition,13560,Variable
PumpType_Configuration_Design_Shut_OffPumpPowerInput_EngineeringUnits,13561,Variable
DesignType_SlipFlow_Definition,13562,Variable
DesignType_SlipFlow_EngineeringUnits,13563,Variable
ConfigurationGroupType_Design_SlipFlow_Definition,13564,Variable
ConfigurationGroupType_Design_SlipFlow_EngineeringUnits,13565,Variable
PumpType_Configuration_Design_SlipFlow_Definition,13566,Variable
PumpType_Configuration_Design_SlipFlow_EngineeringUnits,13567,Variable
DesignType_SoundEnergy_Definition,13568,Variable
DesignType_SoundEnergy_EngineeringUnits,13569,Variable
ConfigurationGroupType_Design_SoundEnergy_Definition,13570,Variable
ConfigurationGroupType_Design_SoundEnergy_EngineeringUnits,13571,Variable
PumpType_Configuration_Design_SoundEnergy_Definition,13572,Variable
PumpType_Configuration_Design_SoundEnergy_EngineeringUnits,13573,Variable
DesignType_SoundEnergyLevel_Definition,13574,Variable
DesignType_SoundEnergyLevel_EngineeringUnits,13575,Variable
ConfigurationGroupType_Design_SoundEnergyLevel_Definition,13576,Variable
ConfigurationGroupType_Design_SoundEnergyLevel_EngineeringUnits,13577,Variable
PumpType_Configuration_Design_SoundEnergyLevel_Definition,13578,Variable
PumpType_Configuration_Design_SoundEnergyLevel_EngineeringUnits,13579,Variable
DesignType_SoundPower_Definition,13580,Variable
DesignType_SoundPower_EngineeringUnits,13581,Variable
ConfigurationGroupType_Design_SoundPower_Definition,13582,Variable
ConfigurationGroupType_Design_SoundPower_EngineeringUnits,13583,Variable
PumpType_Configuration_Design_SoundPower_Definition,13584,Variable
PumpType_Configuration_Design_SoundPower_EngineeringUnits,13585,Variable
DesignType_SoundPowerLevel_Definition,13586,Variable
DesignType_SoundPowerLevel_EngineeringUnits,13587,Variable
ConfigurationGroupType_Design_SoundPowerLevel_Definition,13588,Variable
ConfigurationGroupType_Design_SoundPowerLevel_EngineeringUnits,13589,Variable
PumpType_Configuration_Design_SoundPowerLevel_Definition,13590,Variable
PumpType_Configuration_Design_SoundPowerLevel_EngineeringUnits,13591,Variable
DesignType_SoundPressure_Definition,13592,Variable
DesignType_SoundPressure_EngineeringUnits,13593,Variable
ConfigurationGroupType_Design_SoundPressure_Definition,13594,Variable
ConfigurationGroupType_Design_SoundPressure_EngineeringUnits,13595,Variable
PumpType_Configuration_Design_SoundPressure_Definition,13596,Variable
PumpType_Configuration_Design_SoundPressure_EngineeringUnits,13597,Variable
DesignType_SoundPressureLevel_Definition,13598,Variable
DesignType_SoundPressureLevel_EngineeringUnits,13599,Variable
ConfigurationGroupType_Design_SoundPressureLevel_Definition,13600,Variable
ConfigurationGroupType_Design_SoundPressureLevel_EngineeringUnits,13601,Variable
PumpType_Configuration_Design_SoundPressureLevel_Definition,13602,Variable
PumpType_Configuration_Design_SoundPressureLevel_EngineeringUnits,13603,Variable
DesignType_SpecificSpeed_Definition,13604,Variable
DesignType_SpecificSpeed_EngineeringUnits,13605,Variable
ConfigurationGroupType_Design_SpecificSpeed_Definition,13606,Variable
ConfigurationGroupType_Design_SpecificSpeed_EngineeringUnits,13607,Variable
PumpType_Configuration_Design_SpecificSpeed_Definition,13608,Variable
PumpType_Configuration_Design_SpecificSpeed_EngineeringUnits,13609,Variable
DesignType_StablePumpH_Q_Curve_MimeType,13610,Variable
ConfigurationGroupType_Design_StablePumpH_Q_Curve_MimeType,13611,Variable
PumpType_Configuration_Design_StablePumpH_Q_Curve_MimeType,13612,Variable
DesignType_StandardGasFlowrate_Definition,13613,Variable
DesignType_StandardGasFlowrate_EngineeringUnits,13614,Variable
ConfigurationGroupType_Design_StandardGasFlowrate_Definition,13615,Variable
ConfigurationGroupType_Design_StandardGasFlowrate_EngineeringUnits,13616,Variable
PumpType_Configuration_Design_StandardGasFlowrate_Definition,13617,Variable
PumpType_Configuration_Design_StandardGasFlowrate_EngineeringUnits,13618,Variable
DesignType_StartingPressure_Definition,13619,Variable
DesignType_StartingPressure_EngineeringUnits,13620,Variable
ConfigurationGroupType_Design_StartingPressure_Definition,13621,Variable
ConfigurationGroupType_Design_StartingPressure_EngineeringUnits,13622,Variable
PumpType_Configuration_Design_StartingPressure_Definition,13623,Variable
PumpType_Configuration_Design_StartingPressure_EngineeringUnits,13624,Variable
DesignType_Suction_SpecificSpeed_Definition,13625,Variable
DesignType_Suction_SpecificSpeed_EngineeringUnits,13626,Variable
ConfigurationGroupType_Design_Suction_SpecificSpeed_Definition,13627,Variable
ConfigurationGroupType_Design_Suction_SpecificSpeed_EngineeringUnits,13628,Variable
PumpType_Configuration_Design_Suction_SpecificSpeed_Definition,13629,Variable
PumpType_Configuration_Design_Suction_SpecificSpeed_EngineeringUnits,13630,Variable
DesignType_SweptVolume_Definition,13631,Variable
DesignType_SweptVolume_EngineeringUnits,13632,Variable
ConfigurationGroupType_Design_SweptVolume_Definition,13633,Variable
ConfigurationGroupType_Design_SweptVolume_EngineeringUnits,13634,Variable
PumpType_Configuration_Design_SweptVolume_Definition,13635,Variable
PumpType_Configuration_Design_SweptVolume_EngineeringUnits,13636,Variable
DesignType_TripSpeed_Definition,13637,Variable
DesignType_TripSpeed_EngineeringUnits,13638,Variable
ConfigurationGroupType_Design_TripSpeed_Definition,13639,Variable
ConfigurationGroupType_Design_TripSpeed_EngineeringUnits,13640,Variable
PumpType_Configuration_Design_TripSpeed_Definition,13641,Variable
PumpType_Configuration_Design_TripSpeed_EngineeringUnits,13642,Variable
DesignType_TypeNumber_Definition,13643,Variable
ConfigurationGroupType_Design_TypeNumber_Definition,13644,Variable
PumpType_Configuration_Design_TypeNumber_Definition,13645,Variable
DesignType_VolumeFlowRate_Definition,13646,Variable
DesignType_VolumeFlowRate_EngineeringUnits,13647,Variable
ConfigurationGroupType_Design_VolumeFlowRate_Definition,13648,Variable
ConfigurationGroupType_Design_VolumeFlowRate_EngineeringUnits,13649,Variable
PumpType_Configuration_Design_VolumeFlowRate_Definition,13650,Variable
PumpType_Configuration_Design_VolumeFlowRate_EngineeringUnits,13651,Variable
DesignType_VolumeFlowRateOfBackingPump_Definition,13652,Variable
DesignType_VolumeFlowRateOfBackingPump_EngineeringUnits,13653,Variable
ConfigurationGroupType_Design_VolumeFlowRateOfBackingPump_Definition,13654,Variable
ConfigurationGroupType_Design_VolumeFlowRateOfBackingPump_EngineeringUnits,13655,Variable
PumpType_Configuration_Design_VolumeFlowRateOfBackingPump_Definition,13656,Variable
PumpType_Configuration_Design_VolumeFlowRateOfBackingPump_EngineeringUnits,13657,Variable
DesignType_WarmUpTimeForAVaporJetPumpOrADiffusionPump_Definition,13658,Variable
DesignType_WarmUpTimeForAVaporJetPumpOrADiffusionPump_EngineeringUnits,13659,Variable
ConfigurationGroupType_Design_WarmUpTimeForAVaporJetPumpOrADiffusionPump_Definition,13660,Variable
ConfigurationGroupType_Design_WarmUpTimeForAVaporJetPumpOrADiffusionPump_EngineeringUnits,13661,Variable
PumpType_Configuration_Design_WarmUpTimeForAVaporJetPumpOrADiffusionPump_Definition,13662,Variable
PumpType_Configuration_Design_WarmUpTimeForAVaporJetPumpOrADiffusionPump_EngineeringUnits,13663,Variable
DesignType_WaterVaporTolerableLoad_Definition,13664,Variable
DesignType_WaterVaporTolerableLoad_EngineeringUnits,13665,Variable
ConfigurationGroupType_Design_WaterVaporTolerableLoad_Definition,13666,Variable
ConfigurationGroupType_Design_WaterVaporTolerableLoad_EngineeringUnits,13667,Variable
PumpType_Configuration_Design_WaterVaporTolerableLoad_Definition,13668,Variable
PumpType_Configuration_Design_WaterVaporTolerableLoad_EngineeringUnits,13669,Variable
DesignType_WetCriticalSpeed_Definition,13670,Variable
DesignType_WetCriticalSpeed_EngineeringUnits,13671,Variable
ConfigurationGroupType_Design_WetCriticalSpeed_Definition,13672,Variable
ConfigurationGroupType_Design_WetCriticalSpeed_EngineeringUnits,13673,Variable
PumpType_Configuration_Design_WetCriticalSpeed_Definition,13674,Variable
PumpType_Configuration_Design_WetCriticalSpeed_EngineeringUnits,13675,Variable
http___opcfoundation_org_UA_Pumps__NamespaceVersion,13676,Variable
http___opcfoundation_org_UA_Pumps__StaticNodeIdTypes,13677,Variable
http___opcfoundation_org_UA_Pumps__StaticNumericNodeIdRange,13678,Variable
http___opcfoundation_org_UA_Pumps__StaticStringNodeIdPattern,13679,Variable
PumpType_Configuration_SystemRequirements_CompressionRatio_Definition,13680,Variable
PumpType_Configuration_SystemRequirements_CompressionRatio_EngineeringUnits,13681,Variable
PumpType_Configuration_SystemRequirements_CompressionRatio_EURange,13682,Variable
PumpType_Configuration_SystemRequirements_ExplosionZone_Definition,13683,Variable
PumpType_Configuration_SystemRequirements_Fieldbus_Definition,13684,Variable
PumpType_Configuration_SystemRequirements_Fluid_Definition,13685,Variable
PumpType_Configuration_SystemRequirements_GasContent_Definition,13686,Variable
PumpType_Configuration_SystemRequirements_GasContent_EngineeringUnits,13687,Variable
PumpType_Configuration_SystemRequirements_GasContent_EURange,13688,Variable
PumpType_Configuration_SystemRequirements_HeightOfTheInletSideOfTheInstallation_Definition,13689,Variable
PumpType_Configuration_SystemRequirements_HeightOfTheInletSideOfTheInstallation_EngineeringUnits,13690,Variable
PumpType_Configuration_SystemRequirements_HeightOfTheInletSideOfTheInstallation_EURange,13691,Variable
PumpType_Configuration_SystemRequirements_HeightOfTheOutletSideOfTheInstallation_Definition,13692,Variable
PumpType_Configuration_SystemRequirements_HeightOfTheOutletSideOfTheInstallation_EngineeringUnits,13693,Variable
PumpType_Configuration_SystemRequirements_HeightOfTheOutletSideOfTheInstallation_EURange,13694,Variable
PumpType_Configuration_SystemRequirements_HeightOfThePump_Definition,13695,Variable
PumpType_Configuration_SystemRequirements_HeightOfThePump_EngineeringUnits,13696,Variable
PumpType_Configuration_SystemRequirements_HeightOfThePump_EURange,13697,Variable
PumpType_Configuration_SystemRequirements_MaximumAmbientTemperature_Definition,13698,Variable
PumpType_Configuration_SystemRequirements_MaximumAmbientTemperature_EngineeringUnits,13699,Variable
PumpType_Configuration_SystemRequirements_MaximumAmbientTemperature_EURange,13700,Variable
PumpType_Configuration_SystemRequirements_MaximumFlow_Definition,13701,Variable
PumpType_Configuration_SystemRequirements_MaximumFlow_EngineeringUnits,13702,Variable
PumpType_Configuration_SystemRequirements_MaximumFlow_EURange,13703,Variable
PumpType_Configuration_SystemRequirements_MaximumHead_Definition,13704,Variable
PumpType_Configuration_SystemRequirements_MaximumHead_EngineeringUnits,13705,Variable
PumpType_Configuration_SystemRequirements_MaximumHead_EURange,13706,Variable
PumpType_Configuration_SystemRequirements_MaximumInletPressure_Definition,13707,Variable
PumpType_Configuration_SystemRequirements_MaximumInletPressure_EngineeringUnits,13708,Variable
PumpType_Configuration_SystemRequirements_MaximumInletPressure_EURange,13709,Variable
PumpType_Configuration_SystemRequirements_MaximumOutletPressure_Definition,13710,Variable
PumpType_Configuration_SystemRequirements_MaximumOutletPressure_EngineeringUnits,13711,Variable
PumpType_Configuration_SystemRequirements_MaximumOutletPressure_EURange,13712,Variable
PumpType_Configuration_SystemRequirements_MaximumRelativeHumidity_Definition,13713,Variable
PumpType_Configuration_SystemRequirements_MaximumRelativeHumidity_EngineeringUnits,13714,Variable
PumpType_Configuration_SystemRequirements_MaximumRelativeHumidity_EURange,13715,Variable
PumpType_Configuration_SystemRequirements_MaximumTemperature_Definition,13716,Variable
PumpType_Configuration_SystemRequirements_MaximumTemperature_EngineeringUnits,13717,Variable
PumpType_Configuration_SystemRequirements_MaximumTemperature_EURange,13718,Variable
PumpType_Configuration_SystemRequirements_MeanTimeBetweenFailures_Definition,13719,Variable
PumpType_Configuration_SystemRequirements_MeanTimeBetweenFailures_EngineeringUnits,13720,Variable
PumpType_Configuration_SystemRequirements_MeanTimeBetweenFailures_EURange,13721,Variable
PumpType_Configuration_SystemRequirements_MinimumAmbientTemperature_Definition,13722,Variable
PumpType_Configuration_SystemRequirements_MinimumAmbientTemperature_EngineeringUnits,13723,Variable
PumpType_Configuration_SystemRequirements_MinimumAmbientTemperature_EURange,13724,Variable
PumpType_Configuration_SystemRequirements_MinimumFlow_Definition,13725,Variable
PumpType_Configuration_SystemRequirements_MinimumFlow_EngineeringUnits,13726,Variable
PumpType_Configuration_SystemRequirements_MinimumFlow_EURange,13727,Variable
PumpType_Configuration_SystemRequirements_MinimumHead_Definition,13728,Variable
PumpType_Configuration_SystemRequirements_MinimumHead_EngineeringUnits,13729,Variable
PumpType_Configuration_SystemRequirements_MinimumHead_EURange,13730,Variable
PumpType_Configuration_SystemRequirements_MinimumInletPressure_Definition,13731,Variable
PumpType_Configuration_SystemRequirements_MinimumInletPressure_EngineeringUnits,13732,Variable
PumpType_Configuration_SystemRequirements_MinimumInletPressure_EURange,13733,Variable
PumpType_Configuration_SystemRequirements_MinimumOutletPressure_Definition,13734,Variable
PumpType_Configuration_SystemRequirements_MinimumOutletPressure_EngineeringUnits,13735,Variable
PumpType_Configuration_SystemRequirements_MinimumOutletPressure_EURange,13736,Variable
PumpType_Configuration_SystemRequirements_MinimumRelativeHumidity_Definition,13737,Variable
PumpType_Configuration_SystemRequirements_MinimumRelativeHumidity_EngineeringUnits,13738,Variable
PumpType_Configuration_SystemRequirements_MinimumRelativeHumidity_EURange,13739,Variable
PumpType_Configuration_SystemRequirements_MinimumTemperature_Definition,13740,Variable
PumpType_Configuration_SystemRequirements_MinimumTemperature_EngineeringUnits,13741,Variable
PumpType_Configuration_SystemRequirements_MinimumTemperature_EURange,13742,Variable
PumpType_Configuration_SystemRequirements_Multi_Phase_Definition,13743,Variable
PumpType_Configuration_SystemRequirements_NetPositiveInletPressureAvailable_Definition,13744,Variable
PumpType_Configuration_SystemRequirements_NetPositiveInletPressureAvailable_EngineeringUnits,13745,Variable
PumpType_Configuration_SystemRequirements_NetPositiveInletPressureAvailable_EURange,13746,Variable
PumpType_Configuration_SystemRequirements_NormalFlow_Definition,13747,Variable
PumpType_Configuration_SystemRequirements_NormalFlow_EngineeringUnits,13748,Variable
PumpType_Configuration_SystemRequirements_NormalFlow_EURange,13749,Variable
PumpType_Configuration_SystemRequirements_NpshDatumPlane_Definition,13750,Variable
PumpType_Configuration_SystemRequirements_NpshDatumPlane_EngineeringUnits,13751,Variable
PumpType_Configuration_SystemRequirements_NpshDatumPlane_EURange,13752,Variable
PumpType_Configuration_SystemRequirements_OperatingMode_Definition,13753,Variable
PumpType_Configuration_SystemRequirements_RatedInletPressureOfTheInstallation_Definition,13754,Variable
PumpType_Configuration_SystemRequirements_RatedInletPressureOfTheInstallation_EngineeringUnits,13755,Variable
PumpType_Configuration_SystemRequirements_RatedInletPressureOfTheInstallation_EURange,13756,Variable
PumpType_Configuration_SystemRequirements_RatedPumpUnitTotalHead_Definition,13757,Variable
PumpType_Configuration_SystemRequirements_RatedPumpUnitTotalHead_EngineeringUnits,13758,Variable
PumpType_Configuration_SystemRequirements_RatedPumpUnitTotalHead_EURange,13759,Variable
PumpType_Configuration_SystemRequirements_ReferencePlane_Definition,13760,Variable
PumpType_Configuration_SystemRequirements_ReferencePlane_EngineeringUnits,13761,Variable
PumpType_Configuration_SystemRequirements_ReferencePlane_EURange,13762,Variable
PumpType_Configuration_SystemRequirements_RequiredControlMode_Definition,13763,Variable
PumpType_Configuration_SystemRequirements_RequiredTime_Definition,13764,Variable
PumpType_Configuration_SystemRequirements_RequiredTime_EngineeringUnits,13765,Variable
PumpType_Configuration_SystemRequirements_RequiredTime_EURange,13766,Variable
PumpType_Configuration_SystemRequirements_SolidContent_Definition,13767,Variable
PumpType_Configuration_SystemRequirements_SolidContent_EngineeringUnits,13768,Variable
PumpType_Configuration_SystemRequirements_SolidContent_EURange,13769,Variable
PumpType_Configuration_SystemRequirements_Throughput_Definition,13770,Variable
PumpType_Configuration_SystemRequirements_Throughput_EngineeringUnits,13771,Variable
PumpType_Configuration_SystemRequirements_Throughput_EURange,13772,Variable
PumpType_Configuration_SystemRequirements_UltimatePressureOfAVacuumPump_Definition,13773,Variable
PumpType_Configuration_SystemRequirements_UltimatePressureOfAVacuumPump_EngineeringUnits,13774,Variable
PumpType_Configuration_SystemRequirements_UltimatePressureOfAVacuumPump_EURange,13775,Variable
PumpType_Configuration_SystemRequirements_WorkingTemperature_Definition,13776,Variable
PumpType_Configuration_SystemRequirements_WorkingTemperature_EngineeringUnits,13777,Variable
PumpType_Configuration_SystemRequirements_WorkingTemperature_EURange,13778,Variable
OperationalGroupType_Control_CommandVariable_Definition,13779,Variable
OperationalGroupType_Control_CommandVariable_EngineeringUnits,13780,Variable
OperationalGroupType_Control_CommandVariable_EURange,13781,Variable
OperationalGroupType_Control_DeadTime_Definition,13782,Variable
OperationalGroupType_Control_DeadTime_EngineeringUnits,13783,Variable
OperationalGroupType_Control_DeadTime_EURange,13784,Variable
OperationalGroupType_Control_DerivativeActionCoefficient_Definition,13785,Variable
OperationalGroupType_Control_DerivativeActionCoefficient_EngineeringUnits,13786,Variable
OperationalGroupType_Control_DerivativeActionCoefficient_EURange,13787,Variable
OperationalGroupType_Control_FinalControlledVariable_Definition,13788,Variable
OperationalGroupType_Control_FinalControlledVariable_EngineeringUnits,13789,Variable
OperationalGroupType_Control_FinalControlledVariable_EURange,13790,Variable
OperationalGroupType_Control_IntegralActionCoefficient_Definition,13791,Variable
OperationalGroupType_Control_IntegralActionCoefficient_EngineeringUnits,13792,Variable
OperationalGroupType_Control_IntegralActionCoefficient_EURange,13793,Variable
OperationalGroupType_Control_ManipulatedVariable_Definition,13794,Variable
OperationalGroupType_Control_ManipulatedVariable_EngineeringUnits,13795,Variable
OperationalGroupType_Control_ManipulatedVariable_EURange,13796,Variable
OperationalGroupType_Control_ProportionalActionCoefficient_Definition,13797,Variable
OperationalGroupType_Control_ProportionalActionCoefficient_EngineeringUnits,13798,Variable
OperationalGroupType_Control_ProportionalActionCoefficient_EURange,13799,Variable
OperationalGroupType_Control_ReferenceVariable_Definition,13800,Variable
OperationalGroupType_Control_ReferenceVariable_EngineeringUnits,13801,Variable
OperationalGroupType_Control_ReferenceVariable_EURange,13802,Variable
OperationalGroupType_Control_OperatingMode_Definition,13803,Variable
OperationalGroupType_Control_ControlDifferenceVariable_Definition,13804,Variable
OperationalGroupType_Control_ControlDifferenceVariable_EngineeringUnits,13805,Variable
OperationalGroupType_Control_ControlDifferenceVariable_EURange,13806,Variable
OperationalGroupType_Control_ControlledVariable_Definition,13807,Variable
OperationalGroupType_Control_ControlledVariable_EngineeringUnits,13808,Variable
OperationalGroupType_Control_ControlledVariable_EURange,13809,Variable
OperationalGroupType_Control_ControllerOutputVariable_Definition,13810,Variable
OperationalGroupType_Control_ControllerOutputVariable_EngineeringUnits,13811,Variable
OperationalGroupType_Control_ControllerOutputVariable_EURange,13812,Variable
OperationalGroupType_Control_FeedbackVariable_Definition,13813,Variable
OperationalGroupType_Control_FeedbackVariable_EngineeringUnits,13814,Variable
OperationalGroupType_Control_FeedbackVariable_EURange,13815,Variable
PumpType_Operational_Control_CommandVariable_Definition,13816,Variable
PumpType_Operational_Control_CommandVariable_EngineeringUnits,13817,Variable
PumpType_Operational_Control_CommandVariable_EURange,13818,Variable
PumpType_Operational_Control_DeadTime_Definition,13819,Variable
PumpType_Operational_Control_DeadTime_EngineeringUnits,13820,Variable
PumpType_Operational_Control_DeadTime_EURange,13821,Variable
PumpType_Operational_Control_DerivativeActionCoefficient_Definition,13822,Variable
PumpType_Operational_Control_DerivativeActionCoefficient_EngineeringUnits,13823,Variable
PumpType_Operational_Control_DerivativeActionCoefficient_EURange,13824,Variable
PumpType_Operational_Control_FinalControlledVariable_Definition,13825,Variable
PumpType_Operational_Control_FinalControlledVariable_EngineeringUnits,13826,Variable
PumpType_Operational_Control_FinalControlledVariable_EURange,13827,Variable
PumpType_Operational_Control_IntegralActionCoefficient_Definition,13828,Variable
PumpType_Operational_Control_IntegralActionCoefficient_EngineeringUnits,13829,Variable
PumpType_Operational_Control_IntegralActionCoefficient_EURange,13830,Variable
PumpType_Operational_Control_ManipulatedVariable_Definition,13831,Variable
PumpType_Operational_Control_ManipulatedVariable_EngineeringUnits,13832,Variable
PumpType_Operational_Control_ManipulatedVariable_EURange,13833,Variable
PumpType_Operational_Control_ProportionalActionCoefficient_Definition,13834,Variable
PumpType_Operational_Control_ProportionalActionCoefficient_EngineeringUnits,13835,Variable
PumpType_Operational_Control_ProportionalActionCoefficient_EURange,13836,Variable
PumpType_Operational_Control_ReferenceVariable_Definition,13837,Variable
PumpType_Operational_Control_ReferenceVariable_EngineeringUnits,13838,Variable
PumpType_Operational_Control_ReferenceVariable_EURange,13839,Variable
PumpType_Operational_Control_OperatingMode_Definition,13840,Variable
PumpType_Operational_Control_ControlDifferenceVariable_Definition,13841,Variable
PumpType_Operational_Control_ControlDifferenceVariable_EngineeringUnits,13842,Variable
PumpType_Operational_Control_ControlDifferenceVariable_EURange,13843,Variable
PumpType_Operational_Control_ControlledVariable_Definition,13844,Variable
PumpType_Operational_Control_ControlledVariable_EngineeringUnits,13845,Variable
PumpType_Operational_Control_ControlledVariable_EURange,13846,Variable
PumpType_Operational_Control_ControllerOutputVariable_Definition,13847,Variable
PumpType_Operational_Control_ControllerOutputVariable_EngineeringUnits,13848,Variable
PumpType_Operational_Control_ControllerOutputVariable_EURange,13849,Variable
PumpType_Operational_Control_FeedbackVariable_Definition,13850,Variable
PumpType_Operational_Control_FeedbackVariable_EngineeringUnits,13851,Variable
PumpType_Operational_Control_FeedbackVariable_EURange,13852,Variable
MeasurementsType_Vibration_Placeholder_BearingIndex,13853,Variable
OperationalGroupType_Measurements_SoundEnergy_EURange,13854,Variable
MeasurementsType_Vibration_Placeholder_BearingIndexPerG,13855,Variable
PumpType_Operational_Measurements_SoundEnergy_Definition,13856,Variable
MeasurementsType_Vibration_Placeholder_BroadbandCavitationAccelerationPerG_RMS,13857,Variable
PumpType_Operational_Measurements_SoundEnergy_EngineeringUnits,13858,Variable
MeasurementsType_Vibration_Placeholder_BroadbandCavitationAccelerationRMS,13859,Variable
PumpType_Operational_Measurements_SoundEnergy_EURange,13860,Variable
MeasurementsType_Vibration_Placeholder_GapVoltage,13861,Variable
MeasurementsType_SoundEnergyLevel_Definition,13862,Variable
MeasurementsType_Vibration_Placeholder_Not1XRelativeShaftVibrationP_P,13863,Variable
MeasurementsType_SoundEnergyLevel_EURange,13864,Variable
MeasurementsType_Vibration_Placeholder_OverallVibrationAcceleration0_P,13865,Variable
MeasurementsType_SoundEnergyLevel_EngineeringUnits,13866,Variable
MeasurementsType_Vibration_Placeholder_OverallVibrationAccelerationP_P,13867,Variable
OperationalGroupType_Measurements_SoundEnergyLevel_Definition,13868,Variable
MeasurementsType_Vibration_Placeholder_OverallVibrationAccelerationPerG0_P,13869,Variable
OperationalGroupType_Measurements_SoundEnergyLevel_EngineeringUnits,13870,Variable
MeasurementsType_Vibration_Placeholder_OverallVibrationAccelerationPerGP_P,13871,Variable
OperationalGroupType_Measurements_SoundEnergyLevel_EURange,13872,Variable
MeasurementsType_Vibration_Placeholder_OverallVibrationAccelerationPerG_RMS,13873,Variable
PumpType_Operational_Measurements_SoundEnergyLevel_Definition,13874,Variable
MeasurementsType_Vibration_Placeholder_OverallVibrationAccelerationRMS,13875,Variable
PumpType_Operational_Measurements_SoundEnergyLevel_EngineeringUnits,13876,Variable
MeasurementsType_Vibration_Placeholder_OverallVibrationDisplacementP_P,13877,Variable
PumpType_Operational_Measurements_SoundEnergyLevel_EURange,13878,Variable
MeasurementsType_Vibration_Placeholder_OverallVibrationDisplacementRMS,13879,Variable
MeasurementsType_SoundPower_Definition,13880,Variable
MeasurementsType_Vibration_Placeholder_OverallVibrationVelocity0_P,13881,Variable
MeasurementsType_SoundPower_EURange,13882,Variable
MeasurementsType_Vibration_Placeholder_OverallVibrationVelocityP_P,13883,Variable
MeasurementsType_SoundPower_EngineeringUnits,13884,Variable
MeasurementsType_Vibration_Placeholder_OverallVibrationVelocityRMS,13885,Variable
OperationalGroupType_Measurements_SoundPower_Definition,13886,Variable
MeasurementsType_Vibration_Placeholder_ReferenceStandardForVibrationMeasurement,13887,Variable
MeasurementsType_Vibration_Placeholder_RotationalPhase1X,13888,Variable
OperationalGroupType_Measurements_SoundPower_EngineeringUnits,13889,Variable
MeasurementsType_Vibration_Placeholder_RotationalPhase2X,13890,Variable
OperationalGroupType_Measurements_SoundPower_EURange,13891,Variable
MeasurementsType_Vibration_Placeholder_SpeedOfRotation,13892,Variable
PumpType_Operational_Measurements_SoundPower_Definition,13893,Variable
MeasurementsType_Vibration_Placeholder_ThrustPosition,13894,Variable
PumpType_Operational_Measurements_SoundPower_EngineeringUnits,13895,Variable
MeasurementsType_Vibration_Placeholder_VibrationAmplitudeAtTheBearingDefectFrequencies,13896,Variable
PumpType_Operational_Measurements_SoundPower_EURange,13897,Variable
MeasurementsType_Vibration_Placeholder_VibrationAmplitudeAtTheBearingDefectFrequenciesPerG,13898,Variable
MeasurementsType_SoundPowerLevel_Definition,13899,Variable
MeasurementsType_Vibration_Placeholder_VibrationAmplitudeAtTheBladePassFrequency,13900,Variable
MeasurementsType_SoundPowerLevel_EURange,13901,Variable
MeasurementsType_Vibration_Placeholder_VibrationAmplitudeAtTheFirstHarmonicOfTheRotationFrequency2X,13902,Variable
MeasurementsType_SoundPowerLevel_EngineeringUnits,13903,Variable
MeasurementsType_Vibration_Placeholder_VibrationAmplitudeAtTheGearMeshingFrequency,13904,Variable
OperationalGroupType_Measurements_SoundPowerLevel_Definition,13905,Variable
MeasurementsType_Vibration_Placeholder_VibrationAmplitudeAtTheGearMeshingFrequencyPerG,13906,Variable
OperationalGroupType_Measurements_SoundPowerLevel_EngineeringUnits,13907,Variable
MeasurementsType_Vibration_Placeholder_VibrationAmplitudeAtTheHarmonicsOfTheRotationFrequencyNx,13908,Variable
OperationalGroupType_Measurements_SoundPowerLevel_EURange,13909,Variable
MeasurementsType_Vibration_Placeholder_VibrationAmplitudeAtTheRotationFrequency1X,13910,Variable
PumpType_Operational_Measurements_SoundPowerLevel_Definition,13911,Variable
MeasurementsType_Vibration_Placeholder_VibrationAmplitudeAtTheSidebandsOfTheGearMeshingFrequency,13912,Variable
PumpType_Operational_Measurements_SoundPowerLevel_EngineeringUnits,13913,Variable
MeasurementsType_Vibration_Placeholder_VibrationAmplitudeAtTheSidebandsOfTheGearMeshingFrequencyPerG,13914,Variable
PumpType_Operational_Measurements_SoundPowerLevel_EURange,13915,Variable
MeasurementsType_Vibration_Placeholder_BearingIndex_Definition,13916,Variable
MeasurementsType_Vibration_Placeholder_BearingIndex_EURange,13917,Variable
MeasurementsType_Vibration_Placeholder_BearingIndex_EngineeringUnits,13918,Variable
MeasurementsType_Vibration_Placeholder_BearingIndexPerG_Definition,13919,Variable
MeasurementsType_Vibration_Placeholder_BearingIndexPerG_EURange,13920,Variable
MeasurementsType_Vibration_Placeholder_BearingIndexPerG_EngineeringUnits,13921,Variable
MeasurementsType_Vibration_Placeholder_BroadbandCavitationAccelerationPerG_RMS_Definition,13922,Variable
MeasurementsType_Vibration_Placeholder_BroadbandCavitationAccelerationPerG_RMS_EURange,13923,Variable
MeasurementsType_Vibration_Placeholder_BroadbandCavitationAccelerationPerG_RMS_EngineeringUnits,13924,Variable
MeasurementsType_Vibration_Placeholder_BroadbandCavitationAccelerationRMS_Definition,13925,Variable
MeasurementsType_Vibration_Placeholder_BroadbandCavitationAccelerationRMS_EURange,13926,Variable
MeasurementsType_Vibration_Placeholder_BroadbandCavitationAccelerationRMS_EngineeringUnits,13927,Variable
MeasurementsType_Vibration_Placeholder_GapVoltage_Definition,13928,Variable
MeasurementsType_Vibration_Placeholder_GapVoltage_EURange,13929,Variable
MeasurementsType_Vibration_Placeholder_GapVoltage_EngineeringUnits,13930,Variable
MeasurementsType_Vibration_Placeholder_Not1XRelativeShaftVibrationP_P_Definition,13931,Variable
MeasurementsType_Vibration_Placeholder_Not1XRelativeShaftVibrationP_P_EURange,13932,Variable
MeasurementsType_Vibration_Placeholder_Not1XRelativeShaftVibrationP_P_EngineeringUnits,13933,Variable
MeasurementsType_Vibration_Placeholder_OverallVibrationAcceleration0_P_Definition,13934,Variable
MeasurementsType_Vibration_Placeholder_OverallVibrationAcceleration0_P_EURange,13935,Variable
MeasurementsType_Vibration_Placeholder_OverallVibrationAcceleration0_P_EngineeringUnits,13936,Variable
MeasurementsType_Vibration_Placeholder_OverallVibrationAccelerationP_P_Definition,13937,Variable
MeasurementsType_Vibration_Placeholder_OverallVibrationAccelerationP_P_EURange,13938,Variable
MeasurementsType_Vibration_Placeholder_OverallVibrationAccelerationP_P_EngineeringUnits,13939,Variable
MeasurementsType_Vibration_Placeholder_OverallVibrationAccelerationPerG0_P_Definition,13940,Variable
MeasurementsType_Vibration_Placeholder_OverallVibrationAccelerationPerG0_P_EURange,13941,Variable
MeasurementsType_Vibration_Placeholder_OverallVibrationAccelerationPerG0_P_EngineeringUnits,13942,Variable
MeasurementsType_Vibration_Placeholder_OverallVibrationAccelerationPerGP_P_Definition,13943,Variable
MeasurementsType_Vibration_Placeholder_OverallVibrationAccelerationPerGP_P_EURange,13944,Variable
MeasurementsType_Vibration_Placeholder_OverallVibrationAccelerationPerGP_P_EngineeringUnits,13945,Variable
MeasurementsType_Vibration_Placeholder_OverallVibrationAccelerationPerG_RMS_Definition,13946,Variable
MeasurementsType_Vibration_Placeholder_OverallVibrationAccelerationPerG_RMS_EURange,13947,Variable
MeasurementsType_Vibration_Placeholder_OverallVibrationAccelerationPerG_RMS_EngineeringUnits,13948,Variable
MeasurementsType_Vibration_Placeholder_OverallVibrationAccelerationRMS_Definition,13949,Variable
MeasurementsType_Vibration_Placeholder_OverallVibrationAccelerationRMS_EURange,13950,Variable
MeasurementsType_Vibration_Placeholder_OverallVibrationAccelerationRMS_EngineeringUnits,13951,Variable
MeasurementsType_Vibration_Placeholder_OverallVibrationDisplacementP_P_Definition,13952,Variable
MeasurementsType_Vibration_Placeholder_OverallVibrationDisplacementP_P_EURange,13953,Variable
MeasurementsType_Vibration_Placeholder_OverallVibrationDisplacementP_P_EngineeringUnits,13954,Variable
MeasurementsType_Vibration_Placeholder_OverallVibrationDisplacementRMS_Definition,13955,Variable
MeasurementsType_Vibration_Placeholder_OverallVibrationDisplacementRMS_EURange,13956,Variable
MeasurementsType_Vibration_Placeholder_OverallVibrationDisplacementRMS_EngineeringUnits,13957,Variable
MeasurementsType_Vibration_Placeholder_OverallVibrationVelocity0_P_Definition,13958,Variable
MeasurementsType_Vibration_Placeholder_OverallVibrationVelocity0_P_EURange,13959,Variable
MeasurementsType_Vibration_Placeholder_OverallVibrationVelocity0_P_EngineeringUnits,13960,Variable
MeasurementsType_Vibration_Placeholder_OverallVibrationVelocityP_P_Definition,13961,Variable
MeasurementsType_Vibration_Placeholder_OverallVibrationVelocityP_P_EURange,13962,Variable
MeasurementsType_Vibration_Placeholder_OverallVibrationVelocityP_P_EngineeringUnits,13963,Variable
MeasurementsType_Vibration_Placeholder_OverallVibrationVelocityRMS_Definition,13964,Variable
MeasurementsType_Vibration_Placeholder_OverallVibrationVelocityRMS_EURange,13965,Variable
MeasurementsType_Vibration_Placeholder_OverallVibrationVelocityRMS_EngineeringUnits,13966,Variable
MeasurementsType_Vibration_Placeholder_ReferenceStandardForVibrationMeasurement_Definition,13967,Variable
MeasurementsType_Vibration_Placeholder_RotationalPhase1X_Definition,13968,Variable
MeasurementsType_Vibration_Placeholder_RotationalPhase1X_EURange,13969,Variable
MeasurementsType_Vibration_Placeholder_RotationalPhase1X_EngineeringUnits,13970,Variable
MeasurementsType_Vibration_Placeholder_RotationalPhase2X_Definition,13971,Variable
MeasurementsType_Vibration_Placeholder_RotationalPhase2X_EURange,13972,Variable
MeasurementsType_Vibration_Placeholder_RotationalPhase2X_EngineeringUnits,13973,Variable
MeasurementsType_Vibration_Placeholder_SpeedOfRotation_Definition,13974,Variable
MeasurementsType_Vibration_Placeholder_SpeedOfRotation_EURange,13975,Variable
MeasurementsType_Vibration_Placeholder_SpeedOfRotation_EngineeringUnits,13976,Variable
MeasurementsType_Vibration_Placeholder_ThrustPosition_Definition,13977,Variable
MeasurementsType_Vibration_Placeholder_ThrustPosition_EURange,13978,Variable
MeasurementsType_Vibration_Placeholder_ThrustPosition_EngineeringUnits,13979,Variable
MeasurementsType_Vibration_Placeholder_VibrationAmplitudeAtTheBearingDefectFrequencies_Definition,13980,Variable
MeasurementsType_Vibration_Placeholder_VibrationAmplitudeAtTheBearingDefectFrequencies_EURange,13981,Variable
MeasurementsType_Vibration_Placeholder_VibrationAmplitudeAtTheBearingDefectFrequencies_EngineeringUnits,13982,Variable
MeasurementsType_Vibration_Placeholder_VibrationAmplitudeAtTheBearingDefectFrequenciesPerG_Definition,13983,Variable
MeasurementsType_Vibration_Placeholder_VibrationAmplitudeAtTheBearingDefectFrequenciesPerG_EURange,13984,Variable
MeasurementsType_Vibration_Placeholder_VibrationAmplitudeAtTheBearingDefectFrequenciesPerG_EngineeringUnits,13985,Variable
MeasurementsType_Vibration_Placeholder_VibrationAmplitudeAtTheBladePassFrequency_Definition,13986,Variable
MeasurementsType_Vibration_Placeholder_VibrationAmplitudeAtTheBladePassFrequency_EURange,13987,Variable
MeasurementsType_Vibration_Placeholder_VibrationAmplitudeAtTheBladePassFrequency_EngineeringUnits,13988,Variable
MeasurementsType_Vibration_Placeholder_VibrationAmplitudeAtTheFirstHarmonicOfTheRotationFrequency2X_Definition,13989,Variable
MeasurementsType_Vibration_Placeholder_VibrationAmplitudeAtTheFirstHarmonicOfTheRotationFrequency2X_EURange,13990,Variable
MeasurementsType_Vibration_Placeholder_VibrationAmplitudeAtTheFirstHarmonicOfTheRotationFrequency2X_EngineeringUnits,13991,Variable
MeasurementsType_Vibration_Placeholder_VibrationAmplitudeAtTheGearMeshingFrequency_Definition,13992,Variable
MeasurementsType_Vibration_Placeholder_VibrationAmplitudeAtTheGearMeshingFrequency_EURange,13993,Variable
MeasurementsType_Vibration_Placeholder_VibrationAmplitudeAtTheGearMeshingFrequency_EngineeringUnits,13994,Variable
MeasurementsType_Vibration_Placeholder_VibrationAmplitudeAtTheGearMeshingFrequencyPerG_Definition,13995,Variable
MeasurementsType_Vibration_Placeholder_VibrationAmplitudeAtTheGearMeshingFrequencyPerG_EURange,13996,Variable
MeasurementsType_Vibration_Placeholder_VibrationAmplitudeAtTheGearMeshingFrequencyPerG_EngineeringUnits,13997,Variable
MeasurementsType_Vibration_Placeholder_VibrationAmplitudeAtTheHarmonicsOfTheRotationFrequencyNx_Definition,13998,Variable
MeasurementsType_Vibration_Placeholder_VibrationAmplitudeAtTheHarmonicsOfTheRotationFrequencyNx_EURange,13999,Variable
MeasurementsType_Vibration_Placeholder_VibrationAmplitudeAtTheHarmonicsOfTheRotationFrequencyNx_EngineeringUnits,14000,Variable
MeasurementsType_Vibration_Placeholder_VibrationAmplitudeAtTheRotationFrequency1X_Definition,14001,Variable
MeasurementsType_Vibration_Placeholder_VibrationAmplitudeAtTheRotationFrequency1X_EURange,14002,Variable
MeasurementsType_Vibration_Placeholder_VibrationAmplitudeAtTheRotationFrequency1X_EngineeringUnits,14003,Variable
MeasurementsType_Vibration_Placeholder_VibrationAmplitudeAtTheSidebandsOfTheGearMeshingFrequency_Definition,14004,Variable
MeasurementsType_Vibration_Placeholder_VibrationAmplitudeAtTheSidebandsOfTheGearMeshingFrequency_EURange,14005,Variable
MeasurementsType_Vibration_Placeholder_VibrationAmplitudeAtTheSidebandsOfTheGearMeshingFrequency_EngineeringUnits,14006,Variable
MeasurementsType_Vibration_Placeholder_VibrationAmplitudeAtTheSidebandsOfTheGearMeshingFrequencyPerG_Definition,14007,Variable
MeasurementsType_Vibration_Placeholder_VibrationAmplitudeAtTheSidebandsOfTheGearMeshingFrequencyPerG_EURange,14008,Variable
MeasurementsType_Vibration_Placeholder_VibrationAmplitudeAtTheSidebandsOfTheGearMeshingFrequencyPerG_EngineeringUnits,14009,Variable
PumpType_Configuration_Implementation_AtmosphericPressure_Definition,14010,Variable
PumpType_Configuration_Implementation_AtmosphericPressure_EngineeringUnits,14011,Variable
PumpType_Configuration_Implementation_AtmosphericPressure_EURange,14012,Variable
PumpType_Configuration_Implementation_Density_Definition,14013,Variable
PumpType_Configuration_Implementation_Density_EngineeringUnits,14014,Variable
PumpType_Configuration_Implementation_Density_EURange,14015,Variable
PumpType_Configuration_Implementation_DynamicViscosity_Definition,14016,Variable
PumpType_Configuration_Implementation_DynamicViscosity_EngineeringUnits,14017,Variable
PumpType_Configuration_Implementation_DynamicViscosity_EURange,14018,Variable
PumpType_Configuration_Implementation_HeightOfTheInletManometer_Definition,14019,Variable
PumpType_Configuration_Implementation_HeightOfTheInletManometer_EngineeringUnits,14020,Variable
PumpType_Configuration_Implementation_HeightOfTheInletManometer_EURange,14021,Variable
PumpType_Configuration_Implementation_HeightOfTheNpshDatumPlane_Definition,14022,Variable
PumpType_Configuration_Implementation_HeightOfTheNpshDatumPlane_EngineeringUnits,14023,Variable
PumpType_Configuration_Implementation_HeightOfTheNpshDatumPlane_EURange,14024,Variable
PumpType_Configuration_Implementation_HeightOfTheOutletManometer_Definition,14025,Variable
PumpType_Configuration_Implementation_HeightOfTheOutletManometer_EngineeringUnits,14026,Variable
PumpType_Configuration_Implementation_HeightOfTheOutletManometer_EURange,14027,Variable
PumpType_Configuration_Implementation_HydraulicEfficiency_Definition,14028,Variable
PumpType_Configuration_Implementation_HydraulicEfficiency_EngineeringUnits,14029,Variable
PumpType_Configuration_Implementation_HydraulicEfficiency_EURange,14030,Variable
PumpType_Configuration_Implementation_InstallationTotalHead_Definition,14031,Variable
PumpType_Configuration_Implementation_InstallationTotalHead_EngineeringUnits,14032,Variable
PumpType_Configuration_Implementation_InstallationTotalHead_EURange,14033,Variable
PumpType_Configuration_Implementation_KinematicViscosity_Definition,14034,Variable
PumpType_Configuration_Implementation_KinematicViscosity_EngineeringUnits,14035,Variable
PumpType_Configuration_Implementation_KinematicViscosity_EURange,14036,Variable
PumpType_Configuration_Implementation_MaximumAllowableFlow_Definition,14037,Variable
PumpType_Configuration_Implementation_MaximumAllowableFlow_EngineeringUnits,14038,Variable
PumpType_Configuration_Implementation_MaximumAllowableFlow_EURange,14039,Variable
PumpType_Configuration_Implementation_MaximumDynamicSealingPressure_Definition,14040,Variable
PumpType_Configuration_Implementation_MaximumDynamicSealingPressure_EngineeringUnits,14041,Variable
PumpType_Configuration_Implementation_MaximumDynamicSealingPressure_EURange,14042,Variable
PumpType_Configuration_Implementation_RatedMeanVelocityAtInletAreaOfTheInstallation_Definition,14043,Variable
PumpType_Configuration_Implementation_RatedMeanVelocityAtInletAreaOfTheInstallation_EngineeringUnits,14044,Variable
PumpType_Configuration_Implementation_RatedMeanVelocityAtInletAreaOfTheInstallation_EURange,14045,Variable
PumpType_Configuration_Implementation_RatedMeanVelocityAtOutletAreaOfTheInstallation_Definition,14046,Variable
PumpType_Configuration_Implementation_RatedMeanVelocityAtOutletAreaOfTheInstallation_EngineeringUnits,14047,Variable
PumpType_Configuration_Implementation_RatedMeanVelocityAtOutletAreaOfTheInstallation_EURange,14048,Variable
PumpType_Configuration_Implementation_MechanicalEfficiency_Definition,14049,Variable
PumpType_Configuration_Implementation_MechanicalEfficiency_EngineeringUnits,14050,Variable
PumpType_Configuration_Implementation_MechanicalEfficiency_EURange,14051,Variable
PumpType_Configuration_Implementation_MinimumAllowableFlow_Definition,14052,Variable
PumpType_Configuration_Implementation_MinimumAllowableFlow_EngineeringUnits,14053,Variable
PumpType_Configuration_Implementation_MinimumAllowableFlow_EURange,14054,Variable
PumpType_Configuration_Implementation_MinimumAllowableStableFlow_Definition,14055,Variable
PumpType_Configuration_Implementation_MinimumAllowableStableFlow_EngineeringUnits,14056,Variable
PumpType_Configuration_Implementation_MinimumAllowableStableFlow_EURange,14057,Variable
PumpType_Configuration_Implementation_NetPositiveSuctionHeadAvailable_Definition,14058,Variable
PumpType_Configuration_Implementation_NetPositiveSuctionHeadAvailable_EngineeringUnits,14059,Variable
PumpType_Configuration_Implementation_NetPositiveSuctionHeadAvailable_EURange,14060,Variable
PumpType_Configuration_Implementation_OverallEfficiency_Definition,14061,Variable
PumpType_Configuration_Implementation_OverallEfficiency_EngineeringUnits,14062,Variable
PumpType_Configuration_Implementation_OverallEfficiency_EURange,14063,Variable
PumpType_Configuration_Implementation_PumpBestEfficiency_Definition,14064,Variable
PumpType_Configuration_Implementation_PumpBestEfficiency_EngineeringUnits,14065,Variable
PumpType_Configuration_Implementation_PumpBestEfficiency_EURange,14066,Variable
PumpType_Configuration_Implementation_PumpEfficiency_Definition,14067,Variable
PumpType_Configuration_Implementation_PumpEfficiency_EngineeringUnits,14068,Variable
PumpType_Configuration_Implementation_PumpEfficiency_EURange,14069,Variable
PumpType_Configuration_Implementation_PumpMechanicalPowerLosses_Definition,14070,Variable
PumpType_Configuration_Implementation_PumpMechanicalPowerLosses_EngineeringUnits,14071,Variable
PumpType_Configuration_Implementation_PumpMechanicalPowerLosses_EURange,14072,Variable
PumpType_Configuration_Implementation_PumpRatedPowerInput_Definition,14073,Variable
PumpType_Configuration_Implementation_PumpRatedPowerInput_EngineeringUnits,14074,Variable
PumpType_Configuration_Implementation_PumpRatedPowerInput_EURange,14075,Variable
PumpType_Configuration_Implementation_PumpTotalHead_Definition,14076,Variable
PumpType_Configuration_Implementation_PumpTotalHead_EngineeringUnits,14077,Variable
PumpType_Configuration_Implementation_PumpTotalHead_EURange,14078,Variable
PumpType_Configuration_Implementation_RatedDifferentialPressure_Definition,14079,Variable
PumpType_Configuration_Implementation_RatedDifferentialPressure_EngineeringUnits,14080,Variable
PumpType_Configuration_Implementation_RatedDifferentialPressure_EURange,14081,Variable
PumpType_Configuration_Implementation_RatedFlow_Definition,14082,Variable
PumpType_Configuration_Implementation_RatedFlow_EngineeringUnits,14083,Variable
PumpType_Configuration_Implementation_RatedFlow_EURange,14084,Variable
PumpType_Configuration_Implementation_RatedSpeed_Definition,14085,Variable
PumpType_Configuration_Implementation_RatedSpeed_EngineeringUnits,14086,Variable
PumpType_Configuration_Implementation_RatedSpeed_EURange,14087,Variable
PumpType_Configuration_Implementation_TotalHeadAtInletAreaOfTheInstallation_Definition,14088,Variable
PumpType_Configuration_Implementation_TotalHeadAtInletAreaOfTheInstallation_EngineeringUnits,14089,Variable
PumpType_Configuration_Implementation_TotalHeadAtInletAreaOfTheInstallation_EURange,14090,Variable
PumpType_Configuration_Implementation_TotalHeadAtOutletAreaOfTheInstallation_Definition,14091,Variable
PumpType_Configuration_Implementation_TotalHeadAtOutletAreaOfTheInstallation_EngineeringUnits,14092,Variable
PumpType_Configuration_Implementation_TotalHeadAtOutletAreaOfTheInstallation_EURange,14093,Variable
PumpType_Configuration_Implementation_UsefulLife_Definition,14094,Variable
PumpType_Configuration_Implementation_UsefulLife_EngineeringUnits,14095,Variable
PumpType_Configuration_Implementation_UsefulLife_EURange,14096,Variable
PumpType_Configuration_Implementation_ValveSeatVelocity_Definition,14097,Variable
PumpType_Configuration_Implementation_ValveSeatVelocity_EngineeringUnits,14098,Variable
PumpType_Configuration_Implementation_ValveSeatVelocity_EURange,14099,Variable
PumpType_Configuration_Implementation_ValveSpillVelocity_Definition,14100,Variable
PumpType_Configuration_Implementation_ValveSpillVelocity_EngineeringUnits,14101,Variable
PumpType_Configuration_Implementation_ValveSpillVelocity_EURange,14102,Variable
PumpType_Configuration_Implementation_VaporPressureOfThePumpedLiquid_Definition,14103,Variable
PumpType_Configuration_Implementation_VaporPressureOfThePumpedLiquid_EngineeringUnits,14104,Variable
PumpType_Configuration_Implementation_VaporPressureOfThePumpedLiquid_EURange,14105,Variable
PumpType_Configuration_Implementation_VolumetricEfficiency_Definition,14106,Variable
PumpType_Configuration_Implementation_VolumetricEfficiency_EngineeringUnits,14107,Variable
PumpType_Configuration_Implementation_VolumetricEfficiency_EURange,14108,Variable
PumpType_Operational_PumpActuation_FaultAction,14109,Variable
PumpType_Operational_PumpActuation_FaultAction_Definition,14110,Variable
PumpType_Operational_PumpActuation_FaultAction_FalseState,14111,Variable
PumpType_Operational_PumpActuation_FaultAction_TrueState,14112,Variable
PumpType_Operational_PumpActuation_FaultValue,14113,Variable
PumpType_Operational_PumpActuation_FaultValue_Definition,14114,Variable
PumpType_Operational_PumpActuation_FaultValue_EngineeringUnits,14115,Variable
PumpType_Operational_PumpActuation_FaultValue_EURange,14116,Variable
PumpType_Operational_PumpActuation_FeedbackVariable,14117,Variable
PumpType_Operational_PumpActuation_FeedbackVariable_Definition,14118,Variable
PumpType_Operational_PumpActuation_FeedbackVariable_EngineeringUnits,14119,Variable
PumpType_Operational_PumpActuation_FeedbackVariable_EURange,14120,Variable
PumpType_Operational_PumpActuation_FlushValveRequest_DiscreteOutputValue,14121,Variable
PumpType_Operational_PumpActuation_FlushValveRequest_DiscreteOutputValue_Definition,14122,Variable
PumpType_Operational_PumpActuation_FlushValveRequest_DiscreteOutputValue_FalseState,14123,Variable
PumpType_Operational_PumpActuation_FlushValveRequest_DiscreteOutputValue_TrueState,14124,Variable
PumpType_Operational_PumpActuation_FlushValveRequest_FaultAction,14125,Variable
PumpType_Operational_PumpActuation_FlushValveRequest_FaultAction_Definition,14126,Variable
PumpType_Operational_PumpActuation_FlushValveRequest_FaultAction_FalseState,14127,Variable
PumpType_Operational_PumpActuation_FlushValveRequest_FaultAction_TrueState,14128,Variable
PumpType_Operational_PumpActuation_FlushValveRequest_FaultValue,14129,Variable
PumpType_Operational_PumpActuation_FlushValveRequest_FaultValue_Definition,14130,Variable
PumpType_Operational_PumpActuation_FlushValveRequest_FaultValue_FalseState,14131,Variable
PumpType_Operational_PumpActuation_FlushValveRequest_FaultValue_TrueState,14132,Variable
PumpType_Operational_PumpActuation_FlushValveRequest_OnOffCycle,14133,Variable
PumpType_Operational_PumpActuation_FlushValveRequest_OnOffCycle_Definition,14134,Variable
PumpType_Operational_PumpActuation_FlushValveRequest_OnOffCycle_EngineeringUnits,14135,Variable
PumpType_Operational_PumpActuation_FlushValveRequest_OnOffCycle_EURange,14136,Variable
PumpType_Operational_PumpActuation_FlushValveRequest_Status,14137,Variable
PumpType_Operational_PumpActuation_FlushValveRequest_Status_Definition,14138,Variable
PumpType_Operational_PumpActuation_FlushValveRequest_Status_FalseState,14139,Variable
PumpType_Operational_PumpActuation_FlushValveRequest_Status_TrueState,14140,Variable
PumpType_Operational_PumpActuation_GasDilValveRequest_DiscreteOutputValue,14141,Variable
PumpType_Operational_PumpActuation_GasDilValveRequest_DiscreteOutputValue_Definition,14142,Variable
PumpType_Operational_PumpActuation_GasDilValveRequest_DiscreteOutputValue_FalseState,14143,Variable
PumpType_Operational_PumpActuation_GasDilValveRequest_DiscreteOutputValue_TrueState,14144,Variable
PumpType_Operational_PumpActuation_GasDilValveRequest_FaultAction,14145,Variable
PumpType_Operational_PumpActuation_GasDilValveRequest_FaultAction_Definition,14146,Variable
PumpType_Operational_PumpActuation_GasDilValveRequest_FaultAction_FalseState,14147,Variable
PumpType_Operational_PumpActuation_GasDilValveRequest_FaultAction_TrueState,14148,Variable
PumpType_Operational_PumpActuation_GasDilValveRequest_FaultValue,14149,Variable
PumpType_Operational_PumpActuation_GasDilValveRequest_FaultValue_Definition,14150,Variable
PumpType_Operational_PumpActuation_GasDilValveRequest_FaultValue_FalseState,14151,Variable
PumpType_Operational_PumpActuation_GasDilValveRequest_FaultValue_TrueState,14152,Variable
PumpType_Operational_PumpActuation_GasDilValveRequest_OnOffCycle,14153,Variable
PumpType_Operational_PumpActuation_GasDilValveRequest_OnOffCycle_Definition,14154,Variable
PumpType_Operational_PumpActuation_GasDilValveRequest_OnOffCycle_EngineeringUnits,14155,Variable
PumpType_Operational_PumpActuation_GasDilValveRequest_OnOffCycle_EURange,14156,Variable
PumpType_Operational_PumpActuation_GasDilValveRequest_Status,14157,Variable
PumpType_Operational_PumpActuation_GasDilValveRequest_Status_Definition,14158,Variable
PumpType_Operational_PumpActuation_GasDilValveRequest_Status_FalseState,14159,Variable
PumpType_Operational_PumpActuation_GasDilValveRequest_Status_TrueState,14160,Variable
PumpType_Operational_PumpActuation_InletValveRequest_DiscreteOutputValue,14161,Variable
PumpType_Operational_PumpActuation_InletValveRequest_DiscreteOutputValue_Definition,14162,Variable
PumpType_Operational_PumpActuation_InletValveRequest_DiscreteOutputValue_FalseState,14163,Variable
PumpType_Operational_PumpActuation_InletValveRequest_DiscreteOutputValue_TrueState,14164,Variable
PumpType_Operational_PumpActuation_InletValveRequest_FaultAction,14165,Variable
PumpType_Operational_PumpActuation_InletValveRequest_FaultAction_Definition,14166,Variable
PumpType_Operational_PumpActuation_InletValveRequest_FaultAction_FalseState,14167,Variable
PumpType_Operational_PumpActuation_InletValveRequest_FaultAction_TrueState,14168,Variable
PumpType_Operational_PumpActuation_InletValveRequest_FaultValue,14169,Variable
PumpType_Operational_PumpActuation_InletValveRequest_FaultValue_Definition,14170,Variable
PumpType_Operational_PumpActuation_InletValveRequest_FaultValue_FalseState,14171,Variable
PumpType_Operational_PumpActuation_InletValveRequest_FaultValue_TrueState,14172,Variable
PumpType_Operational_PumpActuation_InletValveRequest_OnOffCycle,14173,Variable
PumpType_Operational_PumpActuation_InletValveRequest_OnOffCycle_Definition,14174,Variable
PumpType_Operational_PumpActuation_InletValveRequest_OnOffCycle_EngineeringUnits,14175,Variable
PumpType_Operational_PumpActuation_InletValveRequest_OnOffCycle_EURange,14176,Variable
PumpType_Operational_PumpActuation_InletValveRequest_Status,14177,Variable
PumpType_Operational_PumpActuation_InletValveRequest_Status_Definition,14178,Variable
PumpType_Operational_PumpActuation_InletValveRequest_Status_FalseState,14179,Variable
PumpType_Operational_PumpActuation_InletValveRequest_Status_TrueState,14180,Variable
PumpType_Operational_PumpActuation_ManipulatedValue,14181,Variable
PumpType_Operational_PumpActuation_ManipulatedValue_Definition,14182,Variable
PumpType_Operational_PumpActuation_ManipulatedValue_EngineeringUnits,14183,Variable
PumpType_Operational_PumpActuation_ManipulatedValue_EURange,14184,Variable
PumpType_Operational_PumpActuation_OnOff,14185,Variable
PumpType_Operational_PumpActuation_OnOff_Definition,14186,Variable
PumpType_Operational_PumpActuation_OnOff_FalseState,14187,Variable
PumpType_Operational_PumpActuation_OnOff_TrueState,14188,Variable
PumpType_Operational_PumpActuation_OutletValveRequest_DiscreteOutputValue,14189,Variable
PumpType_Operational_PumpActuation_OutletValveRequest_DiscreteOutputValue_Definition,14190,Variable
PumpType_Operational_PumpActuation_OutletValveRequest_DiscreteOutputValue_FalseState,14191,Variable
PumpType_Operational_PumpActuation_OutletValveRequest_DiscreteOutputValue_TrueState,14192,Variable
PumpType_Operational_PumpActuation_OutletValveRequest_FaultAction,14193,Variable
PumpType_Operational_PumpActuation_OutletValveRequest_FaultAction_Definition,14194,Variable
PumpType_Operational_PumpActuation_OutletValveRequest_FaultAction_FalseState,14195,Variable
PumpType_Operational_PumpActuation_OutletValveRequest_FaultAction_TrueState,14196,Variable
PumpType_Operational_PumpActuation_OutletValveRequest_FaultValue,14197,Variable
PumpType_Operational_PumpActuation_OutletValveRequest_FaultValue_Definition,14198,Variable
PumpType_Operational_PumpActuation_OutletValveRequest_FaultValue_FalseState,14199,Variable
PumpType_Operational_PumpActuation_OutletValveRequest_FaultValue_TrueState,14200,Variable
PumpType_Operational_PumpActuation_OutletValveRequest_OnOffCycle,14201,Variable
PumpType_Operational_PumpActuation_OutletValveRequest_OnOffCycle_Definition,14202,Variable
PumpType_Operational_PumpActuation_OutletValveRequest_OnOffCycle_EngineeringUnits,14203,Variable
PumpType_Operational_PumpActuation_OutletValveRequest_OnOffCycle_EURange,14204,Variable
PumpType_Operational_PumpActuation_OutletValveRequest_Status,14205,Variable
PumpType_Operational_PumpActuation_OutletValveRequest_Status_Definition,14206,Variable
PumpType_Operational_PumpActuation_OutletValveRequest_Status_FalseState,14207,Variable
PumpType_Operational_PumpActuation_OutletValveRequest_Status_TrueState,14208,Variable
PumpType_Operational_PumpActuation_PumpKick_DiscreteOutputValue,14209,Variable
PumpType_Operational_PumpActuation_PumpKick_DiscreteOutputValue_Definition,14210,Variable
PumpType_Operational_PumpActuation_PumpKick_DiscreteOutputValue_FalseState,14211,Variable
PumpType_Operational_PumpActuation_PumpKick_DiscreteOutputValue_TrueState,14212,Variable
PumpType_Operational_PumpActuation_PumpKick_FaultAction,14213,Variable
PumpType_Operational_PumpActuation_PumpKick_FaultAction_Definition,14214,Variable
PumpType_Operational_PumpActuation_PumpKick_FaultAction_FalseState,14215,Variable
PumpType_Operational_PumpActuation_PumpKick_FaultAction_TrueState,14216,Variable
PumpType_Operational_PumpActuation_PumpKick_FaultValue,14217,Variable
PumpType_Operational_PumpActuation_PumpKick_FaultValue_Definition,14218,Variable
PumpType_Operational_PumpActuation_PumpKick_FaultValue_FalseState,14219,Variable
PumpType_Operational_PumpActuation_PumpKick_FaultValue_TrueState,14220,Variable
PumpType_Operational_PumpActuation_PumpKick_OnOffCycle,14221,Variable
PumpType_Operational_PumpActuation_PumpKick_OnOffCycle_Definition,14222,Variable
PumpType_Operational_PumpActuation_PumpKick_OnOffCycle_EngineeringUnits,14223,Variable
PumpType_Operational_PumpActuation_PumpKick_OnOffCycle_EURange,14224,Variable
PumpType_Operational_PumpActuation_PumpKick_PumpKickMode,14225,Variable
PumpType_Operational_PumpActuation_PumpKick_PumpKickMode_Definition,14226,Variable
PumpType_Operational_PumpActuation_PumpKick_PumpKickTime,14227,Variable
PumpType_Operational_PumpActuation_PumpKick_PumpKickTime_Definition,14228,Variable
PumpType_Operational_PumpActuation_PumpKick_PumpKickTimeDifference,14229,Variable
PumpType_Operational_PumpActuation_PumpKick_PumpKickTimeDifference_Definition,14230,Variable
PumpType_Operational_PumpActuation_PumpKick_PumpKickTimeDifference_EngineeringUnits,14231,Variable
PumpType_Operational_PumpActuation_PumpKick_PumpKickTimeDifference_EURange,14232,Variable
PumpType_Operational_PumpActuation_PumpKick_Status,14233,Variable
PumpType_Operational_PumpActuation_PumpKick_Status_Definition,14234,Variable
PumpType_Operational_PumpActuation_PumpKick_Status_FalseState,14235,Variable
PumpType_Operational_PumpActuation_PumpKick_Status_TrueState,14236,Variable
PumpType_Operational_PumpActuation_PumpStandByRequest_DiscreteOutputValue,14237,Variable
PumpType_Operational_PumpActuation_PumpStandByRequest_DiscreteOutputValue_Definition,14238,Variable
PumpType_Operational_PumpActuation_PumpStandByRequest_DiscreteOutputValue_FalseState,14239,Variable
PumpType_Operational_PumpActuation_PumpStandByRequest_DiscreteOutputValue_TrueState,14240,Variable
PumpType_Operational_PumpActuation_PumpStandByRequest_FaultAction,14241,Variable
PumpType_Operational_PumpActuation_PumpStandByRequest_FaultAction_Definition,14242,Variable
PumpType_Operational_PumpActuation_PumpStandByRequest_FaultAction_FalseState,14243,Variable
PumpType_Operational_PumpActuation_PumpStandByRequest_FaultAction_TrueState,14244,Variable
PumpType_Operational_PumpActuation_PumpStandByRequest_FaultValue,14245,Variable
PumpType_Operational_PumpActuation_PumpStandByRequest_FaultValue_Definition,14246,Variable
PumpType_Operational_PumpActuation_PumpStandByRequest_FaultValue_FalseState,14247,Variable
PumpType_Operational_PumpActuation_PumpStandByRequest_FaultValue_TrueState,14248,Variable
PumpType_Operational_PumpActuation_PumpStandByRequest_OnOffCycle,14249,Variable
PumpType_Operational_PumpActuation_PumpStandByRequest_OnOffCycle_Definition,14250,Variable
PumpType_Operational_PumpActuation_PumpStandByRequest_OnOffCycle_EngineeringUnits,14251,Variable
PumpType_Operational_PumpActuation_PumpStandByRequest_OnOffCycle_EURange,14252,Variable
PumpType_Operational_PumpActuation_PumpStandByRequest_Status,14253,Variable
PumpType_Operational_PumpActuation_PumpStandByRequest_Status_Definition,14254,Variable
PumpType_Operational_PumpActuation_PumpStandByRequest_Status_FalseState,14255,Variable
PumpType_Operational_PumpActuation_PumpStandByRequest_Status_TrueState,14256,Variable
PumpType_Operational_PumpActuation_PurgeValveRequest_DiscreteOutputValue,14257,Variable
PumpType_Operational_PumpActuation_PurgeValveRequest_DiscreteOutputValue_Definition,14258,Variable
PumpType_Operational_PumpActuation_PurgeValveRequest_DiscreteOutputValue_FalseState,14259,Variable
PumpType_Operational_PumpActuation_PurgeValveRequest_DiscreteOutputValue_TrueState,14260,Variable
PumpType_Operational_PumpActuation_PurgeValveRequest_FaultAction,14261,Variable
PumpType_Operational_PumpActuation_PurgeValveRequest_FaultAction_Definition,14262,Variable
PumpType_Operational_PumpActuation_PurgeValveRequest_FaultAction_FalseState,14263,Variable
PumpType_Operational_PumpActuation_PurgeValveRequest_FaultAction_TrueState,14264,Variable
PumpType_Operational_PumpActuation_PurgeValveRequest_FaultValue,14265,Variable
PumpType_Operational_PumpActuation_PurgeValveRequest_FaultValue_Definition,14266,Variable
PumpType_Operational_PumpActuation_PurgeValveRequest_FaultValue_FalseState,14267,Variable
PumpType_Operational_PumpActuation_PurgeValveRequest_FaultValue_TrueState,14268,Variable
PumpType_Operational_PumpActuation_PurgeValveRequest_OnOffCycle,14269,Variable
PumpType_Operational_PumpActuation_PurgeValveRequest_OnOffCycle_Definition,14270,Variable
PumpType_Operational_PumpActuation_PurgeValveRequest_OnOffCycle_EngineeringUnits,14271,Variable
PumpType_Operational_PumpActuation_PurgeValveRequest_OnOffCycle_EURange,14272,Variable
PumpType_Operational_PumpActuation_PurgeValveRequest_Status,14273,Variable
PumpType_Operational_PumpActuation_PurgeValveRequest_Status_Definition,14274,Variable
PumpType_Operational_PumpActuation_PurgeValveRequest_Status_FalseState,14275,Variable
PumpType_Operational_PumpActuation_PurgeValveRequest_Status_TrueState,14276,Variable
PumpType_Operational_PumpActuation_ReferenceVariable,14277,Variable
PumpType_Operational_PumpActuation_ReferenceVariable_Definition,14278,Variable
PumpType_Operational_PumpActuation_ReferenceVariable_EngineeringUnits,14279,Variable
PumpType_Operational_PumpActuation_ReferenceVariable_EURange,14280,Variable
PumpType_Operational_PumpActuation_ReverseRotatingDirection,14281,Variable
PumpType_Operational_PumpActuation_ReverseRotatingDirection_Definition,14282,Variable
PumpType_Operational_PumpActuation_ReverseRotatingDirection_FalseState,14283,Variable
PumpType_Operational_PumpActuation_ReverseRotatingDirection_TrueState,14284,Variable
PumpType_Operational_PumpActuation_SetControlMode,14285,Variable
PumpType_Operational_PumpActuation_SetControlMode_Definition,14286,Variable
PumpType_Operational_PumpActuation_SetOperationMode,14287,Variable
PumpType_Operational_PumpActuation_SetOperationMode_Definition,14288,Variable
PumpType_Operational_PumpActuation_Status,14289,Variable
PumpType_Operational_PumpActuation_Status_Definition,14290,Variable
PumpType_Operational_PumpActuation_Status_FalseState,14291,Variable
PumpType_Operational_PumpActuation_Status_TrueState,14292,Variable
PumpType_Operational_PumpActuation_VentValveRequest_DiscreteOutputValue,14293,Variable
PumpType_Operational_PumpActuation_VentValveRequest_DiscreteOutputValue_Definition,14294,Variable
PumpType_Operational_PumpActuation_VentValveRequest_DiscreteOutputValue_FalseState,14295,Variable
PumpType_Operational_PumpActuation_VentValveRequest_DiscreteOutputValue_TrueState,14296,Variable
PumpType_Operational_PumpActuation_VentValveRequest_FaultAction,14297,Variable
PumpType_Operational_PumpActuation_VentValveRequest_FaultAction_Definition,14298,Variable
PumpType_Operational_PumpActuation_VentValveRequest_FaultAction_FalseState,14299,Variable
PumpType_Operational_PumpActuation_VentValveRequest_FaultAction_TrueState,14300,Variable
PumpType_Operational_PumpActuation_VentValveRequest_FaultValue,14301,Variable
PumpType_Operational_PumpActuation_VentValveRequest_FaultValue_Definition,14302,Variable
PumpType_Operational_PumpActuation_VentValveRequest_FaultValue_FalseState,14303,Variable
PumpType_Operational_PumpActuation_VentValveRequest_FaultValue_TrueState,14304,Variable
PumpType_Operational_PumpActuation_VentValveRequest_OnOffCycle,14305,Variable
PumpType_Operational_PumpActuation_VentValveRequest_OnOffCycle_Definition,14306,Variable
PumpType_Operational_PumpActuation_VentValveRequest_OnOffCycle_EngineeringUnits,14307,Variable
PumpType_Operational_PumpActuation_VentValveRequest_OnOffCycle_EURange,14308,Variable
PumpType_Operational_PumpActuation_VentValveRequest_Status,14309,Variable
PumpType_Operational_PumpActuation_VentValveRequest_Status_Definition,14310,Variable
PumpType_Operational_PumpActuation_VentValveRequest_Status_FalseState,14311,Variable
PumpType_Operational_PumpActuation_VentValveRequest_Status_TrueState,14312,Variable
PumpType_Operational_ThrottleValveActuation_FaultAction,14313,Variable
PumpType_Operational_ThrottleValveActuation_FaultAction_Definition,14314,Variable
PumpType_Operational_ThrottleValveActuation_FaultAction_FalseState,14315,Variable
PumpType_Operational_ThrottleValveActuation_FaultAction_TrueState,14316,Variable
PumpType_Operational_ThrottleValveActuation_FaultValue,14317,Variable
PumpType_Operational_ThrottleValveActuation_FaultValue_Definition,14318,Variable
PumpType_Operational_ThrottleValveActuation_FaultValue_EngineeringUnits,14319,Variable
PumpType_Operational_ThrottleValveActuation_FaultValue_EURange,14320,Variable
PumpType_Operational_ThrottleValveActuation_FeedbackVariable,14321,Variable
PumpType_Operational_ThrottleValveActuation_FeedbackVariable_Definition,14322,Variable
PumpType_Operational_ThrottleValveActuation_FeedbackVariable_EngineeringUnits,14323,Variable
PumpType_Operational_ThrottleValveActuation_FeedbackVariable_EURange,14324,Variable
PumpType_Operational_ThrottleValveActuation_ManipulatedValue,14325,Variable
PumpType_Operational_ThrottleValveActuation_ManipulatedValue_Definition,14326,Variable
PumpType_Operational_ThrottleValveActuation_ManipulatedValue_EngineeringUnits,14327,Variable
PumpType_Operational_ThrottleValveActuation_ManipulatedValue_EURange,14328,Variable
PumpType_Operational_ThrottleValveActuation_OnOff,14329,Variable
PumpType_Operational_ThrottleValveActuation_OnOff_Definition,14330,Variable
PumpType_Operational_ThrottleValveActuation_OnOff_FalseState,14331,Variable
PumpType_Operational_ThrottleValveActuation_OnOff_TrueState,14332,Variable
PumpType_Operational_ThrottleValveActuation_ReferenceVariable,14333,Variable
PumpType_Operational_ThrottleValveActuation_ReferenceVariable_Definition,14334,Variable
PumpType_Operational_ThrottleValveActuation_ReferenceVariable_EngineeringUnits,14335,Variable
PumpType_Operational_ThrottleValveActuation_ReferenceVariable_EURange,14336,Variable
PumpType_Operational_ThrottleValveActuation_Status,14337,Variable
PumpType_Operational_ThrottleValveActuation_Status_Definition,14338,Variable
PumpType_Operational_ThrottleValveActuation_Status_FalseState,14339,Variable
PumpType_Operational_ThrottleValveActuation_Status_TrueState,14340,Variable
PumpType_Operational_Signals_Acceleration_DiscreteInputValue,14341,Variable
PumpType_Operational_Signals_Acceleration_DiscreteInputValue_Definition,14342,Variable
PumpType_Operational_Signals_Acceleration_DiscreteInputValue_FalseState,14343,Variable
PumpType_Operational_Signals_Acceleration_DiscreteInputValue_TrueState,14344,Variable
PumpType_Operational_Signals_Acceleration_OnOffCycle,14345,Variable
PumpType_Operational_Signals_Acceleration_OnOffCycle_Definition,14346,Variable
PumpType_Operational_Signals_Acceleration_OnOffCycle_EngineeringUnits,14347,Variable
PumpType_Operational_Signals_Acceleration_OnOffCycle_EURange,14348,Variable
PumpType_Operational_Signals_Acceleration_Status,14349,Variable
PumpType_Operational_Signals_Acceleration_Status_Definition,14350,Variable
PumpType_Operational_Signals_Acceleration_Status_FalseState,14351,Variable
PumpType_Operational_Signals_Acceleration_Status_TrueState,14352,Variable
PumpType_Operational_Signals_CleanValveOpen_DiscreteInputValue,14353,Variable
PumpType_Operational_Signals_CleanValveOpen_DiscreteInputValue_Definition,14354,Variable
PumpType_Operational_Signals_CleanValveOpen_DiscreteInputValue_FalseState,14355,Variable
PumpType_Operational_Signals_CleanValveOpen_DiscreteInputValue_TrueState,14356,Variable
PumpType_Operational_Signals_CleanValveOpen_OnOffCycle,14357,Variable
PumpType_Operational_Signals_CleanValveOpen_OnOffCycle_Definition,14358,Variable
PumpType_Operational_Signals_CleanValveOpen_OnOffCycle_EngineeringUnits,14359,Variable
PumpType_Operational_Signals_CleanValveOpen_OnOffCycle_EURange,14360,Variable
PumpType_Operational_Signals_CleanValveOpen_Status,14361,Variable
PumpType_Operational_Signals_CleanValveOpen_Status_Definition,14362,Variable
PumpType_Operational_Signals_CleanValveOpen_Status_FalseState,14363,Variable
PumpType_Operational_Signals_CleanValveOpen_Status_TrueState,14364,Variable
PumpType_Operational_Signals_Deceleration_DiscreteInputValue,14365,Variable
PumpType_Operational_Signals_Deceleration_DiscreteInputValue_Definition,14366,Variable
PumpType_Operational_Signals_Deceleration_DiscreteInputValue_FalseState,14367,Variable
PumpType_Operational_Signals_Deceleration_DiscreteInputValue_TrueState,14368,Variable
PumpType_Operational_Signals_Deceleration_OnOffCycle,14369,Variable
PumpType_Operational_Signals_Deceleration_OnOffCycle_Definition,14370,Variable
PumpType_Operational_Signals_Deceleration_OnOffCycle_EngineeringUnits,14371,Variable
PumpType_Operational_Signals_Deceleration_OnOffCycle_EURange,14372,Variable
PumpType_Operational_Signals_Deceleration_Status,14373,Variable
PumpType_Operational_Signals_Deceleration_Status_Definition,14374,Variable
PumpType_Operational_Signals_Deceleration_Status_FalseState,14375,Variable
PumpType_Operational_Signals_Deceleration_Status_TrueState,14376,Variable
PumpType_Operational_Signals_FlushValveOpen_DiscreteInputValue,14377,Variable
PumpType_Operational_Signals_FlushValveOpen_DiscreteInputValue_Definition,14378,Variable
PumpType_Operational_Signals_FlushValveOpen_DiscreteInputValue_FalseState,14379,Variable
PumpType_Operational_Signals_FlushValveOpen_DiscreteInputValue_TrueState,14380,Variable
PumpType_Operational_Signals_FlushValveOpen_OnOffCycle,14381,Variable
PumpType_Operational_Signals_FlushValveOpen_OnOffCycle_Definition,14382,Variable
PumpType_Operational_Signals_FlushValveOpen_OnOffCycle_EngineeringUnits,14383,Variable
PumpType_Operational_Signals_FlushValveOpen_OnOffCycle_EURange,14384,Variable
PumpType_Operational_Signals_FlushValveOpen_Status,14385,Variable
PumpType_Operational_Signals_FlushValveOpen_Status_Definition,14386,Variable
PumpType_Operational_Signals_FlushValveOpen_Status_FalseState,14387,Variable
PumpType_Operational_Signals_FlushValveOpen_Status_TrueState,14388,Variable
PumpType_Operational_Signals_GasDilValveOpen_DiscreteInputValue,14389,Variable
PumpType_Operational_Signals_GasDilValveOpen_DiscreteInputValue_Definition,14390,Variable
PumpType_Operational_Signals_GasDilValveOpen_DiscreteInputValue_FalseState,14391,Variable
PumpType_Operational_Signals_GasDilValveOpen_DiscreteInputValue_TrueState,14392,Variable
PumpType_Operational_Signals_GasDilValveOpen_OnOffCycle,14393,Variable
PumpType_Operational_Signals_GasDilValveOpen_OnOffCycle_Definition,14394,Variable
PumpType_Operational_Signals_GasDilValveOpen_OnOffCycle_EngineeringUnits,14395,Variable
PumpType_Operational_Signals_GasDilValveOpen_OnOffCycle_EURange,14396,Variable
PumpType_Operational_Signals_GasDilValveOpen_Status,14397,Variable
PumpType_Operational_Signals_GasDilValveOpen_Status_Definition,14398,Variable
PumpType_Operational_Signals_GasDilValveOpen_Status_FalseState,14399,Variable
PumpType_Operational_Signals_GasDilValveOpen_Status_TrueState,14400,Variable
PumpType_Operational_Signals_InletValveOpen_DiscreteInputValue,14401,Variable
PumpType_Operational_Signals_InletValveOpen_DiscreteInputValue_Definition,14402,Variable
PumpType_Operational_Signals_InletValveOpen_DiscreteInputValue_FalseState,14403,Variable
PumpType_Operational_Signals_InletValveOpen_DiscreteInputValue_TrueState,14404,Variable
PumpType_Operational_Signals_InletValveOpen_OnOffCycle,14405,Variable
PumpType_Operational_Signals_InletValveOpen_OnOffCycle_Definition,14406,Variable
PumpType_Operational_Signals_InletValveOpen_OnOffCycle_EngineeringUnits,14407,Variable
PumpType_Operational_Signals_InletValveOpen_OnOffCycle_EURange,14408,Variable
PumpType_Operational_Signals_InletValveOpen_Status,14409,Variable
PumpType_Operational_Signals_InletValveOpen_Status_Definition,14410,Variable
PumpType_Operational_Signals_InletValveOpen_Status_FalseState,14411,Variable
PumpType_Operational_Signals_InletValveOpen_Status_TrueState,14412,Variable
PumpType_Operational_Signals_NoRotation_DiscreteInputValue,14413,Variable
PumpType_Operational_Signals_NoRotation_DiscreteInputValue_Definition,14414,Variable
PumpType_Operational_Signals_NoRotation_DiscreteInputValue_FalseState,14415,Variable
PumpType_Operational_Signals_NoRotation_DiscreteInputValue_TrueState,14416,Variable
PumpType_Operational_Signals_NoRotation_OnOffCycle,14417,Variable
PumpType_Operational_Signals_NoRotation_OnOffCycle_Definition,14418,Variable
PumpType_Operational_Signals_NoRotation_OnOffCycle_EngineeringUnits,14419,Variable
PumpType_Operational_Signals_NoRotation_OnOffCycle_EURange,14420,Variable
PumpType_Operational_Signals_NoRotation_Status,14421,Variable
PumpType_Operational_Signals_NoRotation_Status_Definition,14422,Variable
PumpType_Operational_Signals_NoRotation_Status_FalseState,14423,Variable
PumpType_Operational_Signals_NoRotation_Status_TrueState,14424,Variable
PumpType_Operational_Signals_OutletValveOpen_DiscreteInputValue,14425,Variable
PumpType_Operational_Signals_OutletValveOpen_DiscreteInputValue_Definition,14426,Variable
PumpType_Operational_Signals_OutletValveOpen_DiscreteInputValue_FalseState,14427,Variable
PumpType_Operational_Signals_OutletValveOpen_DiscreteInputValue_TrueState,14428,Variable
PumpType_Operational_Signals_OutletValveOpen_OnOffCycle,14429,Variable
PumpType_Operational_Signals_OutletValveOpen_OnOffCycle_Definition,14430,Variable
PumpType_Operational_Signals_OutletValveOpen_OnOffCycle_EngineeringUnits,14431,Variable
PumpType_Operational_Signals_OutletValveOpen_OnOffCycle_EURange,14432,Variable
PumpType_Operational_Signals_OutletValveOpen_Status,14433,Variable
PumpType_Operational_Signals_OutletValveOpen_Status_Definition,14434,Variable
PumpType_Operational_Signals_OutletValveOpen_Status_FalseState,14435,Variable
PumpType_Operational_Signals_OutletValveOpen_Status_TrueState,14436,Variable
PumpType_Operational_Signals_ProcessIsActive_DiscreteInputValue,14437,Variable
PumpType_Operational_Signals_ProcessIsActive_DiscreteInputValue_Definition,14438,Variable
PumpType_Operational_Signals_ProcessIsActive_DiscreteInputValue_FalseState,14439,Variable
PumpType_Operational_Signals_ProcessIsActive_DiscreteInputValue_TrueState,14440,Variable
PumpType_Operational_Signals_ProcessIsActive_OnOffCycle,14441,Variable
PumpType_Operational_Signals_ProcessIsActive_OnOffCycle_Definition,14442,Variable
PumpType_Operational_Signals_ProcessIsActive_OnOffCycle_EngineeringUnits,14443,Variable
PumpType_Operational_Signals_ProcessIsActive_OnOffCycle_EURange,14444,Variable
PumpType_Operational_Signals_ProcessIsActive_Status,14445,Variable
PumpType_Operational_Signals_ProcessIsActive_Status_Definition,14446,Variable
PumpType_Operational_Signals_ProcessIsActive_Status_FalseState,14447,Variable
PumpType_Operational_Signals_ProcessIsActive_Status_TrueState,14448,Variable
PumpType_Operational_Signals_PumpActivation_DiscreteInputValue,14449,Variable
PumpType_Operational_Signals_PumpActivation_DiscreteInputValue_Definition,14450,Variable
PumpType_Operational_Signals_PumpActivation_DiscreteInputValue_FalseState,14451,Variable
PumpType_Operational_Signals_PumpActivation_DiscreteInputValue_TrueState,14452,Variable
PumpType_Operational_Signals_PumpActivation_OnOffCycle,14453,Variable
PumpType_Operational_Signals_PumpActivation_OnOffCycle_Definition,14454,Variable
PumpType_Operational_Signals_PumpActivation_OnOffCycle_EngineeringUnits,14455,Variable
PumpType_Operational_Signals_PumpActivation_OnOffCycle_EURange,14456,Variable
PumpType_Operational_Signals_PumpActivation_Status,14457,Variable
PumpType_Operational_Signals_PumpActivation_Status_Definition,14458,Variable
PumpType_Operational_Signals_PumpActivation_Status_FalseState,14459,Variable
PumpType_Operational_Signals_PumpActivation_Status_TrueState,14460,Variable
PumpType_Operational_Signals_PumpDirection_DiscreteInputValue,14461,Variable
PumpType_Operational_Signals_PumpDirection_DiscreteInputValue_Definition,14462,Variable
PumpType_Operational_Signals_PumpDirection_DiscreteInputValue_FalseState,14463,Variable
PumpType_Operational_Signals_PumpDirection_DiscreteInputValue_TrueState,14464,Variable
PumpType_Operational_Signals_PumpDirection_OnOffCycle,14465,Variable
PumpType_Operational_Signals_PumpDirection_OnOffCycle_Definition,14466,Variable
PumpType_Operational_Signals_PumpDirection_OnOffCycle_EngineeringUnits,14467,Variable
PumpType_Operational_Signals_PumpDirection_OnOffCycle_EURange,14468,Variable
PumpType_Operational_Signals_PumpDirection_Status,14469,Variable
PumpType_Operational_Signals_PumpDirection_Status_Definition,14470,Variable
PumpType_Operational_Signals_PumpDirection_Status_FalseState,14471,Variable
PumpType_Operational_Signals_PumpDirection_Status_TrueState,14472,Variable
PumpType_Operational_Signals_PumpOperation_DiscreteInputValue,14473,Variable
PumpType_Operational_Signals_PumpOperation_DiscreteInputValue_Definition,14474,Variable
PumpType_Operational_Signals_PumpOperation_DiscreteInputValue_FalseState,14475,Variable
PumpType_Operational_Signals_PumpOperation_DiscreteInputValue_TrueState,14476,Variable
PumpType_Operational_Signals_PumpOperation_OnOffCycle,14477,Variable
PumpType_Operational_Signals_PumpOperation_OnOffCycle_Definition,14478,Variable
PumpType_Operational_Signals_PumpOperation_OnOffCycle_EngineeringUnits,14479,Variable
PumpType_Operational_Signals_PumpOperation_OnOffCycle_EURange,14480,Variable
PumpType_Operational_Signals_PumpOperation_Status,14481,Variable
PumpType_Operational_Signals_PumpOperation_Status_Definition,14482,Variable
PumpType_Operational_Signals_PumpOperation_Status_FalseState,14483,Variable
PumpType_Operational_Signals_PumpOperation_Status_TrueState,14484,Variable
PumpType_Operational_Signals_PumpPowerMax_DiscreteInputValue,14485,Variable
PumpType_Operational_Signals_PumpPowerMax_DiscreteInputValue_Definition,14486,Variable
PumpType_Operational_Signals_PumpPowerMax_DiscreteInputValue_FalseState,14487,Variable
PumpType_Operational_Signals_PumpPowerMax_DiscreteInputValue_TrueState,14488,Variable
PumpType_Operational_Signals_PumpPowerMax_OnOffCycle,14489,Variable
PumpType_Operational_Signals_PumpPowerMax_OnOffCycle_Definition,14490,Variable
PumpType_Operational_Signals_PumpPowerMax_OnOffCycle_EngineeringUnits,14491,Variable
PumpType_Operational_Signals_PumpPowerMax_OnOffCycle_EURange,14492,Variable
PumpType_Operational_Signals_PumpPowerMax_Status,14493,Variable
PumpType_Operational_Signals_PumpPowerMax_Status_Definition,14494,Variable
PumpType_Operational_Signals_PumpPowerMax_Status_FalseState,14495,Variable
PumpType_Operational_Signals_PumpPowerMax_Status_TrueState,14496,Variable
PumpType_Operational_Signals_PumpSpeedMax_DiscreteInputValue,14497,Variable
PumpType_Operational_Signals_PumpSpeedMax_DiscreteInputValue_Definition,14498,Variable
PumpType_Operational_Signals_PumpSpeedMax_DiscreteInputValue_FalseState,14499,Variable
PumpType_Operational_Signals_PumpSpeedMax_DiscreteInputValue_TrueState,14500,Variable
PumpType_Operational_Signals_PumpSpeedMax_OnOffCycle,14501,Variable
PumpType_Operational_Signals_PumpSpeedMax_OnOffCycle_Definition,14502,Variable
PumpType_Operational_Signals_PumpSpeedMax_OnOffCycle_EngineeringUnits,14503,Variable
PumpType_Operational_Signals_PumpSpeedMax_OnOffCycle_EURange,14504,Variable
PumpType_Operational_Signals_PumpSpeedMax_Status,14505,Variable
PumpType_Operational_Signals_PumpSpeedMax_Status_Definition,14506,Variable
PumpType_Operational_Signals_PumpSpeedMax_Status_FalseState,14507,Variable
PumpType_Operational_Signals_PumpSpeedMax_Status_TrueState,14508,Variable
PumpType_Operational_Signals_PumpSpeedMin_DiscreteInputValue,14509,Variable
PumpType_Operational_Signals_PumpSpeedMin_DiscreteInputValue_Definition,14510,Variable
PumpType_Operational_Signals_PumpSpeedMin_DiscreteInputValue_FalseState,14511,Variable
PumpType_Operational_Signals_PumpSpeedMin_DiscreteInputValue_TrueState,14512,Variable
PumpType_Operational_Signals_PumpSpeedMin_OnOffCycle,14513,Variable
PumpType_Operational_Signals_PumpSpeedMin_OnOffCycle_Definition,14514,Variable
PumpType_Operational_Signals_PumpSpeedMin_OnOffCycle_EngineeringUnits,14515,Variable
PumpType_Operational_Signals_PumpSpeedMin_OnOffCycle_EURange,14516,Variable
PumpType_Operational_Signals_PumpSpeedMin_Status,14517,Variable
PumpType_Operational_Signals_PumpSpeedMin_Status_Definition,14518,Variable
PumpType_Operational_Signals_PumpSpeedMin_Status_FalseState,14519,Variable
PumpType_Operational_Signals_PumpSpeedMin_Status_TrueState,14520,Variable
PumpType_Operational_Signals_PurgeValveOpen_DiscreteInputValue,14521,Variable
PumpType_Operational_Signals_PurgeValveOpen_DiscreteInputValue_Definition,14522,Variable
PumpType_Operational_Signals_PurgeValveOpen_DiscreteInputValue_FalseState,14523,Variable
PumpType_Operational_Signals_PurgeValveOpen_DiscreteInputValue_TrueState,14524,Variable
PumpType_Operational_Signals_PurgeValveOpen_OnOffCycle,14525,Variable
PumpType_Operational_Signals_PurgeValveOpen_OnOffCycle_Definition,14526,Variable
PumpType_Operational_Signals_PurgeValveOpen_OnOffCycle_EngineeringUnits,14527,Variable
PumpType_Operational_Signals_PurgeValveOpen_OnOffCycle_EURange,14528,Variable
PumpType_Operational_Signals_PurgeValveOpen_Status,14529,Variable
PumpType_Operational_Signals_PurgeValveOpen_Status_Definition,14530,Variable
PumpType_Operational_Signals_PurgeValveOpen_Status_FalseState,14531,Variable
PumpType_Operational_Signals_PurgeValveOpen_Status_TrueState,14532,Variable
PumpType_Operational_Signals_RatedSpeed_DiscreteInputValue,14533,Variable
PumpType_Operational_Signals_RatedSpeed_DiscreteInputValue_Definition,14534,Variable
PumpType_Operational_Signals_RatedSpeed_DiscreteInputValue_FalseState,14535,Variable
PumpType_Operational_Signals_RatedSpeed_DiscreteInputValue_TrueState,14536,Variable
PumpType_Operational_Signals_RatedSpeed_OnOffCycle,14537,Variable
PumpType_Operational_Signals_RatedSpeed_OnOffCycle_Definition,14538,Variable
PumpType_Operational_Signals_RatedSpeed_OnOffCycle_EngineeringUnits,14539,Variable
PumpType_Operational_Signals_RatedSpeed_OnOffCycle_EURange,14540,Variable
PumpType_Operational_Signals_RatedSpeed_Status,14541,Variable
PumpType_Operational_Signals_RatedSpeed_Status_Definition,14542,Variable
PumpType_Operational_Signals_RatedSpeed_Status_FalseState,14543,Variable
PumpType_Operational_Signals_RatedSpeed_Status_TrueState,14544,Variable
PumpType_Operational_Signals_StandBy_DiscreteInputValue,14545,Variable
PumpType_Operational_Signals_StandBy_DiscreteInputValue_Definition,14546,Variable
PumpType_Operational_Signals_StandBy_DiscreteInputValue_FalseState,14547,Variable
PumpType_Operational_Signals_StandBy_DiscreteInputValue_TrueState,14548,Variable
PumpType_Operational_Signals_StandBy_OnOffCycle,14549,Variable
PumpType_Operational_Signals_StandBy_OnOffCycle_Definition,14550,Variable
PumpType_Operational_Signals_StandBy_OnOffCycle_EngineeringUnits,14551,Variable
PumpType_Operational_Signals_StandBy_OnOffCycle_EURange,14552,Variable
PumpType_Operational_Signals_StandBy_Status,14553,Variable
PumpType_Operational_Signals_StandBy_Status_Definition,14554,Variable
PumpType_Operational_Signals_StandBy_Status_FalseState,14555,Variable
PumpType_Operational_Signals_StandBy_Status_TrueState,14556,Variable
PumpType_Operational_Signals_StandBySpeed_DiscreteInputValue,14557,Variable
PumpType_Operational_Signals_StandBySpeed_DiscreteInputValue_Definition,14558,Variable
PumpType_Operational_Signals_StandBySpeed_DiscreteInputValue_FalseState,14559,Variable
PumpType_Operational_Signals_StandBySpeed_DiscreteInputValue_TrueState,14560,Variable
PumpType_Operational_Signals_StandBySpeed_OnOffCycle,14561,Variable
PumpType_Operational_Signals_StandBySpeed_OnOffCycle_Definition,14562,Variable
PumpType_Operational_Signals_StandBySpeed_OnOffCycle_EngineeringUnits,14563,Variable
PumpType_Operational_Signals_StandBySpeed_OnOffCycle_EURange,14564,Variable
PumpType_Operational_Signals_StandBySpeed_Status,14565,Variable
PumpType_Operational_Signals_StandBySpeed_Status_Definition,14566,Variable
PumpType_Operational_Signals_StandBySpeed_Status_FalseState,14567,Variable
PumpType_Operational_Signals_StandBySpeed_Status_TrueState,14568,Variable
PumpType_Operational_Signals_TargetSpeed_DiscreteInputValue,14569,Variable
PumpType_Operational_Signals_TargetSpeed_DiscreteInputValue_Definition,14570,Variable
PumpType_Operational_Signals_TargetSpeed_DiscreteInputValue_FalseState,14571,Variable
PumpType_Operational_Signals_TargetSpeed_DiscreteInputValue_TrueState,14572,Variable
PumpType_Operational_Signals_TargetSpeed_OnOffCycle,14573,Variable
PumpType_Operational_Signals_TargetSpeed_OnOffCycle_Definition,14574,Variable
PumpType_Operational_Signals_TargetSpeed_OnOffCycle_EngineeringUnits,14575,Variable
PumpType_Operational_Signals_TargetSpeed_OnOffCycle_EURange,14576,Variable
PumpType_Operational_Signals_TargetSpeed_Status,14577,Variable
PumpType_Operational_Signals_TargetSpeed_Status_Definition,14578,Variable
PumpType_Operational_Signals_TargetSpeed_Status_FalseState,14579,Variable
PumpType_Operational_Signals_TargetSpeed_Status_TrueState,14580,Variable
PumpType_Operational_Signals_VentValveOpen_DiscreteInputValue,14581,Variable
PumpType_Operational_Signals_VentValveOpen_DiscreteInputValue_Definition,14582,Variable
PumpType_Operational_Signals_VentValveOpen_DiscreteInputValue_FalseState,14583,Variable
PumpType_Operational_Signals_VentValveOpen_DiscreteInputValue_TrueState,14584,Variable
PumpType_Operational_Signals_VentValveOpen_OnOffCycle,14585,Variable
PumpType_Operational_Signals_VentValveOpen_OnOffCycle_Definition,14586,Variable
PumpType_Operational_Signals_VentValveOpen_OnOffCycle_EngineeringUnits,14587,Variable
PumpType_Operational_Signals_VentValveOpen_OnOffCycle_EURange,14588,Variable
PumpType_Operational_Signals_VentValveOpen_Status,14589,Variable
PumpType_Operational_Signals_VentValveOpen_Status_Definition,14590,Variable
PumpType_Operational_Signals_VentValveOpen_Status_FalseState,14591,Variable
PumpType_Operational_Signals_VentValveOpen_Status_TrueState,14592,Variable
MaintenanceGroupType_GeneralMaintenance_DownTime,14593,Variable
MaintenanceGroupType_GeneralMaintenance_ExternalDisabledTime,14594,Variable
MaintenanceGroupType_GeneralMaintenance_IdleTime,14595,Variable
MaintenanceGroupType_GeneralMaintenance_OperatingTime,14596,Variable
MaintenanceGroupType_GeneralMaintenance_StandbyTime,14597,Variable
MaintenanceGroupType_GeneralMaintenance_UpTime,14598,Variable
PumpType_Maintenance_GeneralMaintenance_DownTime,14599,Variable
PumpType_Maintenance_GeneralMaintenance_ExternalDisabledTime,14600,Variable
PumpType_Maintenance_GeneralMaintenance_IdleTime,14601,Variable
PumpType_Maintenance_GeneralMaintenance_OperatingTime,14602,Variable
PumpType_Maintenance_GeneralMaintenance_StandbyTime,14603,Variable
PumpType_Maintenance_GeneralMaintenance_UpTime,14604,Variable
MaintenanceGroupType_GeneralMaintenance_DownTime_Definition,14605,Variable
MaintenanceGroupType_GeneralMaintenance_DownTime_EURange,14606,Variable
MaintenanceGroupType_GeneralMaintenance_DownTime_EngineeringUnits,14607,Variable
MaintenanceGroupType_GeneralMaintenance_ExternalDisabledTime_Definition,14608,Variable
MaintenanceGroupType_GeneralMaintenance_ExternalDisabledTime_EURange,14609,Variable
MaintenanceGroupType_GeneralMaintenance_ExternalDisabledTime_EngineeringUnits,14610,Variable
MaintenanceGroupType_GeneralMaintenance_IdleTime_Definition,14611,Variable
MaintenanceGroupType_GeneralMaintenance_IdleTime_EURange,14612,Variable
MaintenanceGroupType_GeneralMaintenance_IdleTime_EngineeringUnits,14613,Variable
MaintenanceGroupType_GeneralMaintenance_OperatingTime_Definition,14614,Variable
MaintenanceGroupType_GeneralMaintenance_OperatingTime_EURange,14615,Variable
MaintenanceGroupType_GeneralMaintenance_OperatingTime_EngineeringUnits,14616,Variable
MaintenanceGroupType_GeneralMaintenance_StandbyTime_Definition,14617,Variable
MaintenanceGroupType_GeneralMaintenance_StandbyTime_EURange,14618,Variable
MaintenanceGroupType_GeneralMaintenance_StandbyTime_EngineeringUnits,14619,Variable
MaintenanceGroupType_GeneralMaintenance_UpTime_Definition,14620,Variable
MaintenanceGroupType_GeneralMaintenance_UpTime_EURange,14621,Variable
MaintenanceGroupType_GeneralMaintenance_UpTime_EngineeringUnits,14622,Variable
PumpType_Maintenance_GeneralMaintenance_DownTime_Definition,14623,Variable
PumpType_Maintenance_GeneralMaintenance_DownTime_EngineeringUnits,14624,Variable
PumpType_Maintenance_GeneralMaintenance_DownTime_EURange,14625,Variable
PumpType_Maintenance_GeneralMaintenance_ExternalDisabledTime_Definition,14626,Variable
PumpType_Maintenance_GeneralMaintenance_ExternalDisabledTime_EngineeringUnits,14627,Variable
PumpType_Maintenance_GeneralMaintenance_ExternalDisabledTime_EURange,14628,Variable
PumpType_Maintenance_GeneralMaintenance_IdleTime_Definition,14629,Variable
PumpType_Maintenance_GeneralMaintenance_IdleTime_EngineeringUnits,14630,Variable
PumpType_Maintenance_GeneralMaintenance_IdleTime_EURange,14631,Variable
PumpType_Maintenance_GeneralMaintenance_OperatingTime_Definition,14632,Variable
PumpType_Maintenance_GeneralMaintenance_OperatingTime_EngineeringUnits,14633,Variable
PumpType_Maintenance_GeneralMaintenance_OperatingTime_EURange,14634,Variable
PumpType_Maintenance_GeneralMaintenance_StandbyTime_Definition,14635,Variable
PumpType_Maintenance_GeneralMaintenance_StandbyTime_EngineeringUnits,14636,Variable
PumpType_Maintenance_GeneralMaintenance_StandbyTime_EURange,14637,Variable
PumpType_Maintenance_GeneralMaintenance_UpTime_Definition,14638,Variable
PumpType_Maintenance_GeneralMaintenance_UpTime_EngineeringUnits,14639,Variable
PumpType_Maintenance_GeneralMaintenance_UpTime_EURange,14640,Variable
MaintenanceGroupType_ConditionBasedMaintenance_OperationalReliability,14641,Variable
PumpType_Maintenance_ConditionBasedMaintenance_OperationalReliability,14642,Variable
MaintenanceGroupType_ConditionBasedMaintenance_OperationalReliability_Definition,14643,Variable
MaintenanceGroupType_ConditionBasedMaintenance_OperationalReliability_EURange,14644,Variable
MaintenanceGroupType_ConditionBasedMaintenance_OperationalReliability_EngineeringUnits,14645,Variable
PumpType_Maintenance_ConditionBasedMaintenance_OperationalReliability_Definition,14646,Variable
PumpType_Maintenance_ConditionBasedMaintenance_OperationalReliability_EngineeringUnits,14647,Variable
PumpType_Maintenance_ConditionBasedMaintenance_OperationalReliability_EURange,14648,Variable
MeasurementsType_SoundPressure_Definition,14649,Variable
OperationalGroupType_Measurements_HydraulicEfficiency,14650,Variable
MeasurementsType_SoundPressure_EURange,14651,Variable
OperationalGroupType_Measurements_InletPressureOfTheInstallation,14652,Variable
MeasurementsType_SoundPressure_EngineeringUnits,14653,Variable
OperationalGroupType_Measurements_InstallationTotalHead,14654,Variable
OperationalGroupType_Measurements_SoundPressure_Definition,14655,Variable
OperationalGroupType_Measurements_KinematicViscosity,14656,Variable
OperationalGroupType_Measurements_SoundPressure_EngineeringUnits,14657,Variable
OperationalGroupType_Measurements_LeakageRateOfFlow,14658,Variable
OperationalGroupType_Measurements_SoundPressure_EURange,14659,Variable
OperationalGroupType_Measurements_Level,14660,Variable
PumpType_Operational_Measurements_SoundPressure_Definition,14661,Variable
OperationalGroupType_Measurements_LubricatingOilConsumption,14662,Variable
PumpType_Operational_Measurements_SoundPressure_EngineeringUnits,14663,Variable
OperationalGroupType_Measurements_LubricatingOilPressure,14664,Variable
PumpType_Operational_Measurements_SoundPressure_EURange,14665,Variable
OperationalGroupType_Measurements_MassFlow,14666,Variable
MeasurementsType_SoundPressureLevel_Definition,14667,Variable
OperationalGroupType_Measurements_MeanVelocityAtThroat,14668,Variable
MeasurementsType_SoundPressureLevel_EURange,14669,Variable
OperationalGroupType_Measurements_MechanicalEfficiency,14670,Variable
MeasurementsType_SoundPressureLevel_EngineeringUnits,14671,Variable
OperationalGroupType_Measurements_NetPositiveInletPressure,14672,Variable
OperationalGroupType_Measurements_SoundPressureLevel_Definition,14673,Variable
OperationalGroupType_Measurements_NetPositiveSuctionHead,14674,Variable
OperationalGroupType_Measurements_SoundPressureLevel_EngineeringUnits,14675,Variable
OperationalGroupType_Measurements_NumberOfStarts,14676,Variable
OperationalGroupType_Measurements_SoundPressureLevel_EURange,14677,Variable
OperationalGroupType_Measurements_OutletPressureOfTheInstallation,14678,Variable
PumpType_Operational_Measurements_SoundPressureLevel_Definition,14679,Variable
OperationalGroupType_Measurements_OverallEfficiency,14680,Variable
PumpType_Operational_Measurements_SoundPressureLevel_EngineeringUnits,14681,Variable
OperationalGroupType_Measurements_PowerLossDueToInternalLeakage,14682,Variable
PumpType_Operational_Measurements_SoundPressureLevel_EURange,14683,Variable
OperationalGroupType_Measurements_ProcessPressure,14684,Variable
MeasurementsType_Speed_Definition,14685,Variable
OperationalGroupType_Measurements_PumpEfficiency,14686,Variable
MeasurementsType_Speed_EURange,14687,Variable
OperationalGroupType_Measurements_PumpHumidity,14688,Variable
MeasurementsType_Speed_EngineeringUnits,14689,Variable
OperationalGroupType_Measurements_PumpPowerInput,14690,Variable
OperationalGroupType_Measurements_Speed_Definition,14691,Variable
OperationalGroupType_Measurements_PumpPowerOutput,14692,Variable
OperationalGroupType_Measurements_Speed_EngineeringUnits,14693,Variable
OperationalGroupType_Measurements_PumpTemperature,14694,Variable
OperationalGroupType_Measurements_Speed_EURange,14695,Variable
OperationalGroupType_Measurements_PumpTotalHead,14696,Variable
PumpType_Operational_Measurements_Speed_Definition,14697,Variable
OperationalGroupType_Measurements_RadialLoadOfPumpRotor,14698,Variable
PumpType_Operational_Measurements_Speed_EngineeringUnits,14699,Variable
OperationalGroupType_Measurements_SoundEnergy,14700,Variable
PumpType_Operational_Measurements_Speed_EURange,14701,Variable
OperationalGroupType_Measurements_SoundEnergyLevel,14702,Variable
MeasurementsType_Throughput_Definition,14703,Variable
OperationalGroupType_Measurements_SoundPower,14704,Variable
MeasurementsType_Throughput_EURange,14705,Variable
OperationalGroupType_Measurements_SoundPowerLevel,14706,Variable
MeasurementsType_Throughput_EngineeringUnits,14707,Variable
OperationalGroupType_Measurements_SoundPressure,14708,Variable
OperationalGroupType_Measurements_Throughput_Definition,14709,Variable
OperationalGroupType_Measurements_SoundPressureLevel,14710,Variable
OperationalGroupType_Measurements_Throughput_EngineeringUnits,14711,Variable
OperationalGroupType_Measurements_Speed,14712,Variable
OperationalGroupType_Measurements_Throughput_EURange,14713,Variable
OperationalGroupType_Measurements_Throughput,14714,Variable
PumpType_Operational_Measurements_Throughput_Definition,14715,Variable
OperationalGroupType_Measurements_TotalHeadAtInletAreaOfTheInstallation,14716,Variable
PumpType_Operational_Measurements_Throughput_EngineeringUnits,14717,Variable
OperationalGroupType_Measurements_TotalHeadAtOutletAreaOfTheInstallation,14718,Variable
PumpType_Operational_Measurements_Throughput_EURange,14719,Variable
OperationalGroupType_Measurements_VolumetricEfficiency,14720,Variable
MeasurementsType_TotalHeadAtInletAreaOfTheInstallation_Definition,14721,Variable
PumpType_Operational_Measurements_AmbientHumidity_EngineeringUnits,14722,Variable
MeasurementsType_AmbientHumidity_EURange,14723,Variable
MeasurementsType_TotalHeadAtInletAreaOfTheInstallation_EURange,14724,Variable
OperationalGroupType_Measurements_AmbientHumidity_EURange,14725,Variable
MeasurementsType_TotalHeadAtInletAreaOfTheInstallation_EngineeringUnits,14726,Variable
OperationalGroupType_Measurements_TotalHeadAtInletAreaOfTheInstallation_Definition,14727,Variable
OperationalGroupType_Measurements_TotalHeadAtInletAreaOfTheInstallation_EngineeringUnits,14728,Variable
OperationalGroupType_Measurements_TotalHeadAtInletAreaOfTheInstallation_EURange,14729,Variable
PumpType_Operational_Measurements_TotalHeadAtInletAreaOfTheInstallation_Definition,14730,Variable
PumpType_Operational_Measurements_TotalHeadAtInletAreaOfTheInstallation_EngineeringUnits,14731,Variable
PumpType_Operational_Measurements_TotalHeadAtInletAreaOfTheInstallation_EURange,14732,Variable
MeasurementsType_TotalHeadAtOutletAreaOfTheInstallation_Definition,14733,Variable
MeasurementsType_TotalHeadAtOutletAreaOfTheInstallation_EURange,14734,Variable
MeasurementsType_TotalHeadAtOutletAreaOfTheInstallation_EngineeringUnits,14735,Variable
OperationalGroupType_Measurements_TotalHeadAtOutletAreaOfTheInstallation_Definition,14736,Variable
OperationalGroupType_Measurements_TotalHeadAtOutletAreaOfTheInstallation_EngineeringUnits,14737,Variable
OperationalGroupType_Measurements_TotalHeadAtOutletAreaOfTheInstallation_EURange,14738,Variable
PumpType_Operational_Measurements_TotalHeadAtOutletAreaOfTheInstallation_Definition,14739,Variable
PumpType_Operational_Measurements_TotalHeadAtOutletAreaOfTheInstallation_EngineeringUnits,14740,Variable
PumpType_Operational_Measurements_TotalHeadAtOutletAreaOfTheInstallation_EURange,14741,Variable
MeasurementsType_VolumetricEfficiency_Definition,14742,Variable
MeasurementsType_VolumetricEfficiency_EURange,14743,Variable
MeasurementsType_VolumetricEfficiency_EngineeringUnits,14744,Variable
OperationalGroupType_Measurements_VolumetricEfficiency_Definition,14745,Variable
OperationalGroupType_Measurements_VolumetricEfficiency_EngineeringUnits,14746,Variable
OperationalGroupType_Measurements_VolumetricEfficiency_EURange,14747,Variable
PumpType_Operational_Measurements_VolumetricEfficiency_Definition,14748,Variable
PumpType_Operational_Measurements_VolumetricEfficiency_EngineeringUnits,14749,Variable
PumpType_Operational_Measurements_VolumetricEfficiency_EURange,14750,Variable
MeasurementsType_CoolantTemperature_KindOfQuantity,14751,Variable
OperationalGroupType_Measurements_CoolantTemperature_KindOfQuantity,14752,Variable
PumpType_Operational_Measurements_CoolantTemperature_KindOfQuantity,14753,Variable
MeasurementsType_Density_KindOfQuantity,14754,Variable
OperationalGroupType_Measurements_Density_KindOfQuantity,14755,Variable
PumpType_Operational_Measurements_Density_KindOfQuantity,14756,Variable
MeasurementsType_DifferentialPressure_KindOfQuantity,14757,Variable
OperationalGroupType_Measurements_DifferentialPressure_KindOfQuantity,14758,Variable
PumpType_Operational_Measurements_DifferentialPressure_KindOfQuantity,14759,Variable
MeasurementsType_DynamicViscosity_KindOfQuantity,14760,Variable
OperationalGroupType_Measurements_DynamicViscosity_KindOfQuantity,14761,Variable
PumpType_Operational_Measurements_DynamicViscosity_KindOfQuantity,14762,Variable
MeasurementsType_ElectronicTemperature_KindOfQuantity,14763,Variable
OperationalGroupType_Measurements_ElectronicTemperature_KindOfQuantity,14764,Variable
PumpType_Operational_Measurements_ElectronicTemperature_KindOfQuantity,14765,Variable
MeasurementsType_FluidTemperature_KindOfQuantity,14766,Variable
OperationalGroupType_Measurements_FluidTemperature_KindOfQuantity,14767,Variable
PumpType_Operational_Measurements_FluidTemperature_KindOfQuantity,14768,Variable
MeasurementsType_HousingTemperature_KindOfQuantity,14769,Variable
OperationalGroupType_Measurements_HousingTemperature_KindOfQuantity,14770,Variable
PumpType_Operational_Measurements_HousingTemperature_KindOfQuantity,14771,Variable
MeasurementsType_HydraulicEfficiency_KindOfQuantity,14772,Variable
OperationalGroupType_Measurements_HydraulicEfficiency_KindOfQuantity,14773,Variable
PumpType_Operational_Measurements_HydraulicEfficiency_KindOfQuantity,14774,Variable
MeasurementsType_InletPressureOfTheInstallation_KindOfQuantity,14775,Variable
OperationalGroupType_Measurements_InletPressureOfTheInstallation_KindOfQuantity,14776,Variable
PumpType_Operational_Measurements_InletPressureOfTheInstallation_KindOfQuantity,14777,Variable
MeasurementsType_InstallationTotalHead_KindOfQuantity,14778,Variable
OperationalGroupType_Measurements_InstallationTotalHead_KindOfQuantity,14779,Variable
PumpType_Operational_Measurements_InstallationTotalHead_KindOfQuantity,14780,Variable
MeasurementsType_KinematicViscosity_KindOfQuantity,14781,Variable
OperationalGroupType_Measurements_KinematicViscosity_KindOfQuantity,14782,Variable
PumpType_Operational_Measurements_KinematicViscosity_KindOfQuantity,14783,Variable
MeasurementsType_LeakageRateOfFlow_KindOfQuantity,14784,Variable
OperationalGroupType_Measurements_LeakageRateOfFlow_KindOfQuantity,14785,Variable
PumpType_Operational_Measurements_LeakageRateOfFlow_KindOfQuantity,14786,Variable
MeasurementsType_Level_KindOfQuantity,14787,Variable
OperationalGroupType_Measurements_Level_KindOfQuantity,14788,Variable
PumpType_Operational_Measurements_Level_KindOfQuantity,14789,Variable
MeasurementsType_LubricatingOilConsumption_KindOfQuantity,14790,Variable
OperationalGroupType_Measurements_LubricatingOilConsumption_KindOfQuantity,14791,Variable
PumpType_Operational_Measurements_LubricatingOilConsumption_KindOfQuantity,14792,Variable
MeasurementsType_LubricatingOilPressure_KindOfQuantity,14793,Variable
OperationalGroupType_Measurements_LubricatingOilPressure_KindOfQuantity,14794,Variable
PumpType_Operational_Measurements_LubricatingOilPressure_KindOfQuantity,14795,Variable
MeasurementsType_MassFlow_KindOfQuantity,14796,Variable
OperationalGroupType_Measurements_MassFlow_KindOfQuantity,14797,Variable
PumpType_Operational_Measurements_MassFlow_KindOfQuantity,14798,Variable
MeasurementsType_MeanVelocityAtThroat_KindOfQuantity,14799,Variable
OperationalGroupType_Measurements_MeanVelocityAtThroat_KindOfQuantity,14800,Variable
PumpType_Operational_Measurements_MeanVelocityAtThroat_KindOfQuantity,14801,Variable
MeasurementsType_MechanicalEfficiency_KindOfQuantity,14802,Variable
OperationalGroupType_Measurements_MechanicalEfficiency_KindOfQuantity,14803,Variable
PumpType_Operational_Measurements_MechanicalEfficiency_KindOfQuantity,14804,Variable
MeasurementsType_NetPositiveInletPressure_KindOfQuantity,14805,Variable
OperationalGroupType_Measurements_NetPositiveInletPressure_KindOfQuantity,14806,Variable
PumpType_Operational_Measurements_NetPositiveInletPressure_KindOfQuantity,14807,Variable
MeasurementsType_NetPositiveSuctionHead_KindOfQuantity,14808,Variable
OperationalGroupType_Measurements_NetPositiveSuctionHead_KindOfQuantity,14809,Variable
PumpType_Operational_Measurements_NetPositiveSuctionHead_KindOfQuantity,14810,Variable
MeasurementsType_NumberOfStarts_KindOfQuantity,14811,Variable
OperationalGroupType_Measurements_NumberOfStarts_KindOfQuantity,14812,Variable
PumpType_Operational_Measurements_NumberOfStarts_KindOfQuantity,14813,Variable
MeasurementsType_OutletPressureOfTheInstallation_KindOfQuantity,14814,Variable
OperationalGroupType_Measurements_OutletPressureOfTheInstallation_KindOfQuantity,14815,Variable
PumpType_Operational_Measurements_OutletPressureOfTheInstallation_KindOfQuantity,14816,Variable
MeasurementsType_OverallEfficiency_KindOfQuantity,14817,Variable
OperationalGroupType_Measurements_OverallEfficiency_KindOfQuantity,14818,Variable
PumpType_Operational_Measurements_OverallEfficiency_KindOfQuantity,14819,Variable
MeasurementsType_PowerLossDueToInternalLeakage_KindOfQuantity,14820,Variable
OperationalGroupType_Measurements_PowerLossDueToInternalLeakage_KindOfQuantity,14821,Variable
PumpType_Operational_Measurements_PowerLossDueToInternalLeakage_KindOfQuantity,14822,Variable
MeasurementsType_ProcessPressure_KindOfQuantity,14823,Variable
OperationalGroupType_Measurements_ProcessPressure_KindOfQuantity,14824,Variable
PumpType_Operational_Measurements_ProcessPressure_KindOfQuantity,14825,Variable
MeasurementsType_PumpEfficiency_KindOfQuantity,14826,Variable
OperationalGroupType_Measurements_PumpEfficiency_KindOfQuantity,14827,Variable
PumpType_Operational_Measurements_PumpEfficiency_KindOfQuantity,14828,Variable
MeasurementsType_PumpHumidity_KindOfQuantity,14829,Variable
OperationalGroupType_Measurements_PumpHumidity_KindOfQuantity,14830,Variable
PumpType_Operational_Measurements_PumpHumidity_KindOfQuantity,14831,Variable
MeasurementsType_PumpPowerInput_KindOfQuantity,14832,Variable
OperationalGroupType_Measurements_PumpPowerInput_KindOfQuantity,14833,Variable
PumpType_Operational_Measurements_PumpPowerInput_KindOfQuantity,14834,Variable
MeasurementsType_PumpPowerOutput_KindOfQuantity,14835,Variable
OperationalGroupType_Measurements_PumpPowerOutput_KindOfQuantity,14836,Variable
PumpType_Operational_Measurements_PumpPowerOutput_KindOfQuantity,14837,Variable
MeasurementsType_PumpTemperature_KindOfQuantity,14838,Variable
OperationalGroupType_Measurements_PumpTemperature_KindOfQuantity,14839,Variable
PumpType_Operational_Measurements_PumpTemperature_KindOfQuantity,14840,Variable
MeasurementsType_PumpTotalHead_KindOfQuantity,14841,Variable
OperationalGroupType_Measurements_PumpTotalHead_KindOfQuantity,14842,Variable
PumpType_Operational_Measurements_PumpTotalHead_KindOfQuantity,14843,Variable
MeasurementsType_RadialLoadOfPumpRotor_KindOfQuantity,14844,Variable
OperationalGroupType_Measurements_RadialLoadOfPumpRotor_KindOfQuantity,14845,Variable
PumpType_Operational_Measurements_RadialLoadOfPumpRotor_KindOfQuantity,14846,Variable
MeasurementsType_SoundEnergy_KindOfQuantity,14847,Variable
OperationalGroupType_Measurements_SoundEnergy_KindOfQuantity,14848,Variable
PumpType_Operational_Measurements_SoundEnergy_KindOfQuantity,14849,Variable
MeasurementsType_SoundEnergyLevel_KindOfQuantity,14850,Variable
OperationalGroupType_Measurements_SoundEnergyLevel_KindOfQuantity,14851,Variable
PumpType_Operational_Measurements_SoundEnergyLevel_KindOfQuantity,14852,Variable
MeasurementsType_SoundPower_KindOfQuantity,14853,Variable
OperationalGroupType_Measurements_SoundPower_KindOfQuantity,14854,Variable
PumpType_Operational_Measurements_SoundPower_KindOfQuantity,14855,Variable
MeasurementsType_SoundPowerLevel_KindOfQuantity,14856,Variable
OperationalGroupType_Measurements_SoundPowerLevel_KindOfQuantity,14857,Variable
PumpType_Operational_Measurements_SoundPowerLevel_KindOfQuantity,14858,Variable
MeasurementsType_SoundPressure_KindOfQuantity,14859,Variable
OperationalGroupType_Measurements_SoundPressure_KindOfQuantity,14860,Variable
PumpType_Operational_Measurements_SoundPressure_KindOfQuantity,14861,Variable
MeasurementsType_SoundPressureLevel_KindOfQuantity,14862,Variable
OperationalGroupType_Measurements_SoundPressureLevel_KindOfQuantity,14863,Variable
PumpType_Operational_Measurements_SoundPressureLevel_KindOfQuantity,14864,Variable
MeasurementsType_Speed_KindOfQuantity,14865,Variable
OperationalGroupType_Measurements_Speed_KindOfQuantity,14866,Variable
PumpType_Operational_Measurements_Speed_KindOfQuantity,14867,Variable
MeasurementsType_Throughput_KindOfQuantity,14868,Variable
OperationalGroupType_Measurements_Throughput_KindOfQuantity,14869,Variable
PumpType_Operational_Measurements_Throughput_KindOfQuantity,14870,Variable
MeasurementsType_TotalHeadAtInletAreaOfTheInstallation_KindOfQuantity,14871,Variable
OperationalGroupType_Measurements_TotalHeadAtInletAreaOfTheInstallation_KindOfQuantity,14872,Variable
PumpType_Operational_Measurements_TotalHeadAtInletAreaOfTheInstallation_KindOfQuantity,14873,Variable
MeasurementsType_TotalHeadAtOutletAreaOfTheInstallation_KindOfQuantity,14874,Variable
OperationalGroupType_Measurements_TotalHeadAtOutletAreaOfTheInstallation_KindOfQuantity,14875,Variable
PumpType_Operational_Measurements_TotalHeadAtOutletAreaOfTheInstallation_KindOfQuantity,14876,Variable
MeasurementsType_VolumetricEfficiency_KindOfQuantity,14877,Variable
OperationalGroupType_Measurements_VolumetricEfficiency_KindOfQuantity,14878,Variable
PumpType_Operational_Measurements_VolumetricEfficiency_KindOfQuantity,14879,Variable
DriveMeasurementsType_Current_KindOfQuantity,14880,Variable
DrivePortType_Measurements_Current_KindOfQuantity,14881,Variable
PortsGroupType_Drive_Placeholder_Measurements_Current_KindOfQuantity,14882,Variable
PumpType_Ports_Drive_Placeholder_Measurements_Current_KindOfQuantity,14883,Variable
DriveMeasurementsType_DCLinkCurrent_KindOfQuantity,14884,Variable
DrivePortType_Measurements_DCLinkCurrent_KindOfQuantity,14885,Variable
PortsGroupType_Drive_Placeholder_Measurements_DCLinkCurrent_KindOfQuantity,14886,Variable
PumpType_Ports_Drive_Placeholder_Measurements_DCLinkCurrent_KindOfQuantity,14887,Variable
DriveMeasurementsType_DCLinkVoltage_KindOfQuantity,14888,Variable
DrivePortType_Measurements_DCLinkVoltage_KindOfQuantity,14889,Variable
PortsGroupType_Drive_Placeholder_Measurements_DCLinkVoltage_KindOfQuantity,14890,Variable
PumpType_Ports_Drive_Placeholder_Measurements_DCLinkVoltage_KindOfQuantity,14891,Variable
DriveMeasurementsType_DriverPowerInput_KindOfQuantity,14892,Variable
DrivePortType_Measurements_DriverPowerInput_KindOfQuantity,14893,Variable
PortsGroupType_Drive_Placeholder_Measurements_DriverPowerInput_KindOfQuantity,14894,Variable
PumpType_Ports_Drive_Placeholder_Measurements_DriverPowerInput_KindOfQuantity,14895,Variable
DriveMeasurementsType_EnergyConsumption_KindOfQuantity,14896,Variable
DrivePortType_Measurements_EnergyConsumption_KindOfQuantity,14897,Variable
PortsGroupType_Drive_Placeholder_Measurements_EnergyConsumption_KindOfQuantity,14898,Variable
PumpType_Ports_Drive_Placeholder_Measurements_EnergyConsumption_KindOfQuantity,14899,Variable
DriveMeasurementsType_Frequency_KindOfQuantity,14900,Variable
DrivePortType_Measurements_Frequency_KindOfQuantity,14901,Variable
PortsGroupType_Drive_Placeholder_Measurements_Frequency_KindOfQuantity,14902,Variable
PumpType_Ports_Drive_Placeholder_Measurements_Frequency_KindOfQuantity,14903,Variable
DriveMeasurementsType_MotorCurrent_KindOfQuantity,14904,Variable
DrivePortType_Measurements_MotorCurrent_KindOfQuantity,14905,Variable
PortsGroupType_Drive_Placeholder_Measurements_MotorCurrent_KindOfQuantity,14906,Variable
PumpType_Ports_Drive_Placeholder_Measurements_MotorCurrent_KindOfQuantity,14907,Variable
DriveMeasurementsType_MotorEfficiency_KindOfQuantity,14908,Variable
DrivePortType_Measurements_MotorEfficiency_KindOfQuantity,14909,Variable
PortsGroupType_Drive_Placeholder_Measurements_MotorEfficiency_KindOfQuantity,14910,Variable
PumpType_Ports_Drive_Placeholder_Measurements_MotorEfficiency_KindOfQuantity,14911,Variable
DriveMeasurementsType_MotorTemperature_KindOfQuantity,14912,Variable
DrivePortType_Measurements_MotorTemperature_KindOfQuantity,14913,Variable
PortsGroupType_Drive_Placeholder_Measurements_MotorTemperature_KindOfQuantity,14914,Variable
PumpType_Ports_Drive_Placeholder_Measurements_MotorTemperature_KindOfQuantity,14915,Variable
DriveMeasurementsType_MotorVoltage_KindOfQuantity,14916,Variable
DrivePortType_Measurements_MotorVoltage_KindOfQuantity,14917,Variable
PortsGroupType_Drive_Placeholder_Measurements_MotorVoltage_KindOfQuantity,14918,Variable
PumpType_Ports_Drive_Placeholder_Measurements_MotorVoltage_KindOfQuantity,14919,Variable
DriveMeasurementsType_PowerFactor_KindOfQuantity,14920,Variable
DrivePortType_Measurements_PowerFactor_KindOfQuantity,14921,Variable
OperationalGroupType_Measurements_Vibration_Placeholder_S1XPhase,14922,Variable
PortsGroupType_Drive_Placeholder_Measurements_PowerFactor_KindOfQuantity,14923,Variable
OperationalGroupType_Measurements_Vibration_Placeholder_S1XRelativeShaftVibrationP_P,14924,Variable
PumpType_Ports_Drive_Placeholder_Measurements_PowerFactor_KindOfQuantity,14925,Variable
OperationalGroupType_Measurements_Vibration_Placeholder_S2XPhase,14926,Variable
DriveMeasurementsType_Torque_KindOfQuantity,14927,Variable
OperationalGroupType_Measurements_Vibration_Placeholder_S2XRelativeShaftVibrationP_P,14928,Variable
DrivePortType_Measurements_Torque_KindOfQuantity,14929,Variable
OperationalGroupType_Measurements_Vibration_Placeholder_BearingIndex,14930,Variable
PortsGroupType_Drive_Placeholder_Measurements_Torque_KindOfQuantity,14931,Variable
OperationalGroupType_Measurements_Vibration_Placeholder_BearingIndexPerG,14932,Variable
PumpType_Ports_Drive_Placeholder_Measurements_Torque_KindOfQuantity,14933,Variable
OperationalGroupType_Measurements_Vibration_Placeholder_BroadbandCavitationAccelerationPerG_RMS,14934,Variable
DriveMeasurementsType_Voltage_KindOfQuantity,14935,Variable
OperationalGroupType_Measurements_Vibration_Placeholder_BroadbandCavitationAccelerationRMS,14936,Variable
DrivePortType_Measurements_Voltage_KindOfQuantity,14937,Variable
OperationalGroupType_Measurements_Vibration_Placeholder_GapVoltage,14938,Variable
PortsGroupType_Drive_Placeholder_Measurements_Voltage_KindOfQuantity,14939,Variable
OperationalGroupType_Measurements_Vibration_Placeholder_Not1XRelativeShaftVibrationP_P,14940,Variable
PumpType_Ports_Drive_Placeholder_Measurements_Voltage_KindOfQuantity,14941,Variable
OperationalGroupType_Measurements_Vibration_Placeholder_OverallVibrationAcceleration0_P,14942,Variable
InletConnectionMeasurementsType_InletTemperatureOfThePump_KindOfQuantity,14943,Variable
OperationalGroupType_Measurements_Vibration_Placeholder_OverallVibrationAccelerationP_P,14944,Variable
InletConnectionPortType_Measurements_InletTemperatureOfThePump_KindOfQuantity,14945,Variable
OperationalGroupType_Measurements_Vibration_Placeholder_OverallVibrationAccelerationPerG0_P,14946,Variable
PortsGroupType_InletConnection_Placeholder_Measurements_InletTemperatureOfThePump_KindOfQuantity,14947,Variable
OperationalGroupType_Measurements_Vibration_Placeholder_OverallVibrationAccelerationPerGP_P,14948,Variable
PumpType_Ports_InletConnection_Placeholder_Measurements_InletTemperatureOfThePump_KindOfQuantity,14949,Variable
OperationalGroupType_Measurements_Vibration_Placeholder_OverallVibrationAccelerationPerG_RMS,14950,Variable
InletConnectionMeasurementsType_MeanVelocityAtInlet_KindOfQuantity,14951,Variable
OperationalGroupType_Measurements_Vibration_Placeholder_OverallVibrationAccelerationRMS,14952,Variable
InletConnectionPortType_Measurements_MeanVelocityAtInlet_KindOfQuantity,14953,Variable
OperationalGroupType_Measurements_Vibration_Placeholder_OverallVibrationDisplacementP_P,14954,Variable
PortsGroupType_InletConnection_Placeholder_Measurements_MeanVelocityAtInlet_KindOfQuantity,14955,Variable
OperationalGroupType_Measurements_Vibration_Placeholder_OverallVibrationDisplacementRMS,14956,Variable
PumpType_Ports_InletConnection_Placeholder_Measurements_MeanVelocityAtInlet_KindOfQuantity,14957,Variable
OperationalGroupType_Measurements_Vibration_Placeholder_OverallVibrationVelocity0_P,14958,Variable
OutletConnectionMeasurementsType_MeanVelocityAtOutlet_KindOfQuantity,14959,Variable
OperationalGroupType_Measurements_Vibration_Placeholder_OverallVibrationVelocityP_P,14960,Variable
OutletConnectionPortType_Measurements_MeanVelocityAtOutlet_KindOfQuantity,14961,Variable
OperationalGroupType_Measurements_Vibration_Placeholder_OverallVibrationVelocityRMS,14962,Variable
PortsGroupType_OutletConnection_Placeholder_Measurements_MeanVelocityAtOutlet_KindOfQuantity,14963,Variable
OperationalGroupType_Measurements_Vibration_Placeholder_ReferenceStandardForVibrationMeasurement,14964,Variable
OperationalGroupType_Measurements_Vibration_Placeholder_RotationalPhase1X,14965,Variable
PumpType_Ports_OutletConnection_Placeholder_Measurements_MeanVelocityAtOutlet_KindOfQuantity,14966,Variable
OperationalGroupType_Measurements_Vibration_Placeholder_RotationalPhase2X,14967,Variable
OutletConnectionMeasurementsType_OutletTemperatureOfThePump_KindOfQuantity,14968,Variable
OperationalGroupType_Measurements_Vibration_Placeholder_SpeedOfRotation,14969,Variable
OutletConnectionPortType_Measurements_OutletTemperatureOfThePump_KindOfQuantity,14970,Variable
OperationalGroupType_Measurements_Vibration_Placeholder_ThrustPosition,14971,Variable
PortsGroupType_OutletConnection_Placeholder_Measurements_OutletTemperatureOfThePump_KindOfQuantity,14972,Variable
OperationalGroupType_Measurements_Vibration_Placeholder_VibrationAmplitudeAtTheBearingDefectFrequencies,14973,Variable
PumpType_Ports_OutletConnection_Placeholder_Measurements_OutletTemperatureOfThePump_KindOfQuantity,14974,Variable
OperationalGroupType_Measurements_Vibration_Placeholder_VibrationAmplitudeAtTheBearingDefectFrequenciesPerG,14975,Variable
DeclarationOfConformityOptionSet_OptionSetValues,14976,Variable
OperationalGroupType_Measurements_Vibration_Placeholder_VibrationAmplitudeAtTheBladePassFrequency,14977,Variable
OperationalGroupType_Measurements_Vibration_Placeholder_VibrationAmplitudeAtTheFirstHarmonicOfTheRotationFrequency2X,14979,Variable
OperationalGroupType_Measurements_Vibration_Placeholder_VibrationAmplitudeAtTheGearMeshingFrequency,14981,Variable
ExplosionProtectionOptionSet_OptionSetValues,14982,Variable
OperationalGroupType_Measurements_Vibration_Placeholder_VibrationAmplitudeAtTheGearMeshingFrequencyPerG,14983,Variable
OperationalGroupType_Measurements_Vibration_Placeholder_VibrationAmplitudeAtTheHarmonicsOfTheRotationFrequencyNx,14985,Variable
OperationalGroupType_Measurements_Vibration_Placeholder_VibrationAmplitudeAtTheRotationFrequency1X,14987,Variable
ExplosionZoneOptionSet_OptionSetValues,14988,Variable
OperationalGroupType_Measurements_Vibration_Placeholder_VibrationAmplitudeAtTheSidebandsOfTheGearMeshingFrequency,14989,Variable
OperationalGroupType_Measurements_Vibration_Placeholder_VibrationAmplitudeAtTheSidebandsOfTheGearMeshingFrequencyPerG,14991,Variable
OfferedControlModesOptionSet_OptionSetValues,14994,Variable
OfferedFieldbusesOptionSet_OptionSetValues,15000,Variable
OperationalGroupType_Measurements_Vibration_Placeholder_S1XPhase_Definition,15064,Variable
OperationalGroupType_Measurements_Vibration_Placeholder_S1XPhase_EURange,15065,Variable
OperationalGroupType_Measurements_Vibration_Placeholder_S1XPhase_EngineeringUnits,15066,Variable
OperationalGroupType_Measurements_Vibration_Placeholder_S1XRelativeShaftVibrationP_P_Definition,15067,Variable
OperationalGroupType_Measurements_Vibration_Placeholder_S1XRelativeShaftVibrationP_P_EURange,15068,Variable
OperationalGroupType_Measurements_Vibration_Placeholder_S1XRelativeShaftVibrationP_P_EngineeringUnits,15069,Variable
OperationalGroupType_Measurements_Vibration_Placeholder_S2XPhase_Definition,15070,Variable
OperationalGroupType_Measurements_Vibration_Placeholder_S2XPhase_EURange,15071,Variable
OperationalGroupType_Measurements_Vibration_Placeholder_S2XPhase_EngineeringUnits,15072,Variable
OperationalGroupType_Measurements_Vibration_Placeholder_S2XRelativeShaftVibrationP_P_Definition,15073,Variable
OperationalGroupType_Measurements_Vibration_Placeholder_S2XRelativeShaftVibrationP_P_EURange,15074,Variable
OperationalGroupType_Measurements_Vibration_Placeholder_S2XRelativeShaftVibrationP_P_EngineeringUnits,15075,Variable
OperationalGroupType_Measurements_Vibration_Placeholder_BearingIndex_Definition,15076,Variable
OperationalGroupType_Measurements_Vibration_Placeholder_BearingIndex_EURange,15077,Variable
OperationalGroupType_Measurements_Vibration_Placeholder_BearingIndex_EngineeringUnits,15078,Variable
OperationalGroupType_Measurements_Vibration_Placeholder_BearingIndexPerG_Definition,15079,Variable
OperationalGroupType_Measurements_Vibration_Placeholder_BearingIndexPerG_EURange,15080,Variable
OperationalGroupType_Measurements_Vibration_Placeholder_BearingIndexPerG_EngineeringUnits,15081,Variable
OperationalGroupType_Measurements_Vibration_Placeholder_BroadbandCavitationAccelerationPerG_RMS_Definition,15082,Variable
OperationalGroupType_Measurements_Vibration_Placeholder_BroadbandCavitationAccelerationPerG_RMS_EURange,15083,Variable
OperationalGroupType_Measurements_Vibration_Placeholder_BroadbandCavitationAccelerationPerG_RMS_EngineeringUnits,15084,Variable
OperationalGroupType_Measurements_Vibration_Placeholder_BroadbandCavitationAccelerationRMS_Definition,15085,Variable
OperationalGroupType_Measurements_Vibration_Placeholder_BroadbandCavitationAccelerationRMS_EURange,15086,Variable
OperationalGroupType_Measurements_Vibration_Placeholder_BroadbandCavitationAccelerationRMS_EngineeringUnits,15087,Variable
OperationalGroupType_Measurements_Vibration_Placeholder_GapVoltage_Definition,15088,Variable
OperationalGroupType_Measurements_Vibration_Placeholder_GapVoltage_EURange,15089,Variable
OperationalGroupType_Measurements_Vibration_Placeholder_GapVoltage_EngineeringUnits,15090,Variable
OperationalGroupType_Measurements_Vibration_Placeholder_Not1XRelativeShaftVibrationP_P_Definition,15091,Variable
OperationalGroupType_Measurements_Vibration_Placeholder_Not1XRelativeShaftVibrationP_P_EURange,15092,Variable
OperationalGroupType_Measurements_Vibration_Placeholder_Not1XRelativeShaftVibrationP_P_EngineeringUnits,15093,Variable
OperationalGroupType_Measurements_Vibration_Placeholder_OverallVibrationAcceleration0_P_Definition,15094,Variable
OperationalGroupType_Measurements_Vibration_Placeholder_OverallVibrationAcceleration0_P_EURange,15095,Variable
OperationalGroupType_Measurements_Vibration_Placeholder_OverallVibrationAcceleration0_P_EngineeringUnits,15096,Variable
OperationalGroupType_Measurements_Vibration_Placeholder_OverallVibrationAccelerationP_P_Definition,15097,Variable
OperationalGroupType_Measurements_Vibration_Placeholder_OverallVibrationAccelerationP_P_EURange,15098,Variable
PumpType_Operational_Measurements_AmbientHumidity,15099,Variable
PumpType_Operational_Measurements_AmbientTemperature,15101,Variable
PumpType_Operational_Measurements_AxialLoadOfPumpRotor,15103,Variable
PumpType_Operational_Measurements_AxialRotorPosition,15105,Variable
PumpType_Operational_Measurements_BackPressure,15107,Variable
PumpType_Operational_Measurements_BearingTemperature,15109,Variable
PumpType_Operational_Measurements_ClearanceFlow,15111,Variable
PumpType_Operational_Measurements_CoolantTemperature,15113,Variable
PumpType_Operational_Measurements_Density,15115,Variable
PumpType_Operational_Measurements_DifferentialPressure,15117,Variable
PumpType_Operational_Measurements_DynamicViscosity,15119,Variable
PumpType_Operational_Measurements_ElectronicTemperature,15121,Variable
PumpType_Operational_Measurements_FluidTemperature,15123,Variable
PumpType_Operational_Measurements_HousingTemperature,15125,Variable
PumpType_Operational_Measurements_HydraulicEfficiency,15127,Variable
PumpType_Operational_Measurements_InletPressureOfTheInstallation,15129,Variable
PumpType_Operational_Measurements_InstallationTotalHead,15131,Variable
PumpType_Operational_Measurements_KinematicViscosity,15133,Variable
PumpType_Operational_Measurements_LeakageRateOfFlow,15135,Variable
PumpType_Operational_Measurements_Level,15137,Variable
PumpType_Operational_Measurements_LubricatingOilConsumption,15139,Variable
PumpType_Operational_Measurements_LubricatingOilPressure,15141,Variable
PumpType_Operational_Measurements_MassFlow,15143,Variable
PumpType_Operational_Measurements_MeanVelocityAtThroat,15145,Variable
PumpType_Operational_Measurements_MechanicalEfficiency,15147,Variable
PumpType_Operational_Measurements_NetPositiveInletPressure,15149,Variable
PumpType_Operational_Measurements_NetPositiveSuctionHead,15151,Variable
PumpType_Operational_Measurements_NumberOfStarts,15153,Variable
PumpType_Operational_Measurements_OutletPressureOfTheInstallation,15155,Variable
PumpType_Operational_Measurements_OverallEfficiency,15157,Variable
PumpType_Operational_Measurements_PowerLossDueToInternalLeakage,15159,Variable
PumpType_Operational_Measurements_ProcessPressure,15161,Variable
PumpType_Operational_Measurements_PumpEfficiency,15163,Variable
PumpType_Operational_Measurements_PumpHumidity,15165,Variable
PumpType_Operational_Measurements_PumpPowerInput,15167,Variable
PumpType_Operational_Measurements_PumpPowerOutput,15169,Variable
PumpType_Operational_Measurements_PumpTemperature,15171,Variable
PumpType_Operational_Measurements_PumpTotalHead,15173,Variable
PumpType_Operational_Measurements_RadialLoadOfPumpRotor,15175,Variable
PumpType_Operational_Measurements_SoundEnergy,15177,Variable
PumpType_Operational_Measurements_SoundEnergyLevel,15179,Variable
PumpType_Operational_Measurements_SoundPower,15181,Variable
PumpType_Operational_Measurements_SoundPowerLevel,15183,Variable
PumpType_Operational_Measurements_SoundPressure,15185,Variable
PumpType_Operational_Measurements_SoundPressureLevel,15187,Variable
PumpType_Operational_Measurements_Speed,15189,Variable
PumpType_Operational_Measurements_Throughput,15191,Variable
PumpType_Operational_Measurements_TotalHeadAtInletAreaOfTheInstallation,15193,Variable
PumpType_Operational_Measurements_TotalHeadAtOutletAreaOfTheInstallation,15195,Variable
PumpType_Operational_Measurements_VolumetricEfficiency,15197,Variable
PumpType_Operational_Measurements_AmbientHumidity_EURange,15199,Variable
OperationalGroupType_Measurements_Vibration_Placeholder_OverallVibrationAccelerationP_P_EngineeringUnits,15399,Variable
OperationalGroupType_Measurements_Vibration_Placeholder_OverallVibrationAccelerationPerG0_P_Definition,15400,Variable
OperationalGroupType_Measurements_Vibration_Placeholder_OverallVibrationAccelerationPerG0_P_EURange,15401,Variable
OperationalGroupType_Measurements_Vibration_Placeholder_OverallVibrationAccelerationPerG0_P_EngineeringUnits,15402,Variable
OperationalGroupType_Measurements_Vibration_Placeholder_OverallVibrationAccelerationPerGP_P_Definition,15403,Variable
OperationalGroupType_Measurements_Vibration_Placeholder_OverallVibrationAccelerationPerGP_P_EURange,15404,Variable
OperationalGroupType_Measurements_Vibration_Placeholder_OverallVibrationAccelerationPerGP_P_EngineeringUnits,15405,Variable
OperationalGroupType_Measurements_Vibration_Placeholder_OverallVibrationAccelerationPerG_RMS_Definition,15406,Variable
OperationalGroupType_Measurements_Vibration_Placeholder_OverallVibrationAccelerationPerG_RMS_EURange,15407,Variable
OperationalGroupType_Measurements_Vibration_Placeholder_OverallVibrationAccelerationPerG_RMS_EngineeringUnits,15408,Variable
OperationalGroupType_Measurements_Vibration_Placeholder_OverallVibrationAccelerationRMS_Definition,15409,Variable
OperationalGroupType_Measurements_Vibration_Placeholder_OverallVibrationAccelerationRMS_EURange,15410,Variable
OperationalGroupType_Measurements_Vibration_Placeholder_OverallVibrationAccelerationRMS_EngineeringUnits,15411,Variable
OperationalGroupType_Measurements_Vibration_Placeholder_OverallVibrationDisplacementP_P_Definition,15412,Variable
OperationalGroupType_Measurements_Vibration_Placeholder_OverallVibrationDisplacementP_P_EURange,15413,Variable
OperationalGroupType_Measurements_Vibration_Placeholder_OverallVibrationDisplacementP_P_EngineeringUnits,15414,Variable
OperationalGroupType_Measurements_Vibration_Placeholder_OverallVibrationDisplacementRMS_Definition,15415,Variable
OperationalGroupType_Measurements_Vibration_Placeholder_OverallVibrationDisplacementRMS_EURange,15416,Variable
OperationalGroupType_Measurements_Vibration_Placeholder_OverallVibrationDisplacementRMS_EngineeringUnits,15417,Variable
OperationalGroupType_Measurements_Vibration_Placeholder_OverallVibrationVelocity0_P_Definition,15418,Variable
OperationalGroupType_Measurements_Vibration_Placeholder_OverallVibrationVelocity0_P_EURange,15419,Variable
OperationalGroupType_Measurements_Vibration_Placeholder_OverallVibrationVelocity0_P_EngineeringUnits,15420,Variable
OperationalGroupType_Measurements_Vibration_Placeholder_OverallVibrationVelocityP_P_Definition,15421,Variable
OperationalGroupType_Measurements_Vibration_Placeholder_OverallVibrationVelocityP_P_EURange,15422,Variable
OperationalGroupType_Measurements_Vibration_Placeholder_OverallVibrationVelocityP_P_EngineeringUnits,15423,Variable
OperationalGroupType_Measurements_Vibration_Placeholder_OverallVibrationVelocityRMS_Definition,15424,Variable
OperationalGroupType_Measurements_Vibration_Placeholder_OverallVibrationVelocityRMS_EURange,15425,Variable
OperationalGroupType_Measurements_Vibration_Placeholder_OverallVibrationVelocityRMS_EngineeringUnits,15426,Variable
OperationalGroupType_Measurements_Vibration_Placeholder_ReferenceStandardForVibrationMeasurement_Definition,15427,Variable
OperationalGroupType_Measurements_Vibration_Placeholder_RotationalPhase1X_Definition,15428,Variable
OperationalGroupType_Measurements_Vibration_Placeholder_RotationalPhase1X_EURange,15429,Variable
OperationalGroupType_Measurements_Vibration_Placeholder_RotationalPhase1X_EngineeringUnits,15430,Variable
OperationalGroupType_Measurements_Vibration_Placeholder_RotationalPhase2X_Definition,15431,Variable
OperationalGroupType_Measurements_Vibration_Placeholder_RotationalPhase2X_EURange,15432,Variable
OperationalGroupType_Measurements_Vibration_Placeholder_RotationalPhase2X_EngineeringUnits,15433,Variable
OperationalGroupType_Measurements_Vibration_Placeholder_SpeedOfRotation_Definition,15434,Variable
OperationalGroupType_Measurements_Vibration_Placeholder_SpeedOfRotation_EURange,15435,Variable
OperationalGroupType_Measurements_Vibration_Placeholder_SpeedOfRotation_EngineeringUnits,15436,Variable
OperationalGroupType_Measurements_Vibration_Placeholder_ThrustPosition_Definition,15437,Variable
OperationalGroupType_Measurements_Vibration_Placeholder_ThrustPosition_EURange,15438,Variable
OperationalGroupType_Measurements_Vibration_Placeholder_ThrustPosition_EngineeringUnits,15439,Variable
OperationalGroupType_Measurements_Vibration_Placeholder_VibrationAmplitudeAtTheBearingDefectFrequencies_Definition,15440,Variable
OperationalGroupType_Measurements_Vibration_Placeholder_VibrationAmplitudeAtTheBearingDefectFrequencies_EURange,15441,Variable
OperationalGroupType_Measurements_Vibration_Placeholder_VibrationAmplitudeAtTheBearingDefectFrequencies_EngineeringUnits,15442,Variable
OperationalGroupType_Measurements_Vibration_Placeholder_VibrationAmplitudeAtTheBearingDefectFrequenciesPerG_Definition,15443,Variable
OperationalGroupType_Measurements_Vibration_Placeholder_VibrationAmplitudeAtTheBearingDefectFrequenciesPerG_EURange,15444,Variable
OperationalGroupType_Measurements_Vibration_Placeholder_VibrationAmplitudeAtTheBearingDefectFrequenciesPerG_EngineeringUnits,15445,Variable
OperationalGroupType_Measurements_Vibration_Placeholder_VibrationAmplitudeAtTheBladePassFrequency_Definition,15446,Variable
OperationalGroupType_Measurements_Vibration_Placeholder_VibrationAmplitudeAtTheBladePassFrequency_EURange,15447,Variable
OperationalGroupType_Measurements_Vibration_Placeholder_VibrationAmplitudeAtTheBladePassFrequency_EngineeringUnits,15448,Variable
OperationalGroupType_Measurements_Vibration_Placeholder_VibrationAmplitudeAtTheFirstHarmonicOfTheRotationFrequency2X_Definition,15449,Variable
OperationalGroupType_Measurements_Vibration_Placeholder_VibrationAmplitudeAtTheFirstHarmonicOfTheRotationFrequency2X_EURange,15450,Variable
OperationalGroupType_Measurements_Vibration_Placeholder_VibrationAmplitudeAtTheFirstHarmonicOfTheRotationFrequency2X_EngineeringUnits,15451,Variable
OperationalGroupType_Measurements_Vibration_Placeholder_VibrationAmplitudeAtTheGearMeshingFrequency_Definition,15452,Variable
OperationalGroupType_Measurements_Vibration_Placeholder_VibrationAmplitudeAtTheGearMeshingFrequency_EURange,15453,Variable
OperationalGroupType_Measurements_Vibration_Placeholder_VibrationAmplitudeAtTheGearMeshingFrequency_EngineeringUnits,15454,Variable
OperationalGroupType_Measurements_Vibration_Placeholder_VibrationAmplitudeAtTheGearMeshingFrequencyPerG_Definition,15455,Variable
OperationalGroupType_Measurements_Vibration_Placeholder_VibrationAmplitudeAtTheGearMeshingFrequencyPerG_EURange,15456,Variable
OperationalGroupType_Measurements_Vibration_Placeholder_VibrationAmplitudeAtTheGearMeshingFrequencyPerG_EngineeringUnits,15457,Variable
OperationalGroupType_Measurements_Vibration_Placeholder_VibrationAmplitudeAtTheHarmonicsOfTheRotationFrequencyNx_Definition,15458,Variable
OperationalGroupType_Measurements_Vibration_Placeholder_VibrationAmplitudeAtTheHarmonicsOfTheRotationFrequencyNx_EURange,15459,Variable
OperationalGroupType_Measurements_Vibration_Placeholder_VibrationAmplitudeAtTheHarmonicsOfTheRotationFrequencyNx_EngineeringUnits,15460,Variable
OperationalGroupType_Measurements_Vibration_Placeholder_VibrationAmplitudeAtTheRotationFrequency1X_Definition,15461,Variable
OperationalGroupType_Measurements_Vibration_Placeholder_VibrationAmplitudeAtTheRotationFrequency1X_EURange,15462,Variable
OperationalGroupType_Measurements_Vibration_Placeholder_VibrationAmplitudeAtTheRotationFrequency1X_EngineeringUnits,15463,Variable
OperationalGroupType_Measurements_Vibration_Placeholder_VibrationAmplitudeAtTheSidebandsOfTheGearMeshingFrequency_Definition,15464,Variable
OperationalGroupType_Measurements_Vibration_Placeholder_VibrationAmplitudeAtTheSidebandsOfTheGearMeshingFrequency_EURange,15465,Variable
OperationalGroupType_Measurements_Vibration_Placeholder_VibrationAmplitudeAtTheSidebandsOfTheGearMeshingFrequency_EngineeringUnits,15466,Variable
OperationalGroupType_Measurements_Vibration_Placeholder_VibrationAmplitudeAtTheSidebandsOfTheGearMeshingFrequencyPerG_Definition,15467,Variable
OperationalGroupType_Measurements_Vibration_Placeholder_VibrationAmplitudeAtTheSidebandsOfTheGearMeshingFrequencyPerG_EURange,15468,Variable
OperationalGroupType_Measurements_Vibration_Placeholder_VibrationAmplitudeAtTheSidebandsOfTheGearMeshingFrequencyPerG_EngineeringUnits,15469,Variable
